5.999999999999999474e-04 -1.265267763825363900e+01
6.624999999999998945e-04 -2.007503048133403567e+01
7.249999999999999500e-04 -3.430607095215626146e+01
7.875000000000000056e-04 -6.639298969521060201e+01
8.187500000000000333e-04 -9.970594491369959655e+01
8.500000000000000611e-04 -1.626368250887664715e+02
8.656250000000000749e-04 -2.172588036134379763e+02
8.812500000000000888e-04 -3.028305056245225728e+02
8.890625000000000958e-04 -3.649664109758888344e+02
8.968750000000001027e-04 -4.475125260477996108e+02
9.046875000000001096e-04 -5.603606160966686502e+02
9.125000000000001166e-04 -7.201522606420078318e+02
9.164062500000001200e-04 -8.261300709618459450e+02
9.203125000000001235e-04 -9.566160011400547774e+02
9.242187500000001270e-04 -1.119692695339291504e+03
9.281250000000001305e-04 -1.327036298439996472e+03
9.320312500000001339e-04 -1.595998093597532943e+03
9.339843750000001357e-04 -1.761399941535110202e+03
9.359375000000001374e-04 -1.953224839822554713e+03
9.378906250000001391e-04 -2.177326276181930552e+03
9.398437500000001409e-04 -2.441249123358728866e+03
9.417968750000001426e-04 -2.754842924809787746e+03
9.437500000000001443e-04 -3.131146304992782461e+03
9.457031250000001461e-04 -3.587686669884713865e+03
9.476562500000001478e-04 -4.148428036103448903e+03
9.486328125000001487e-04 -4.477826439570600996e+03
9.496093750000001495e-04 -4.846754505745541792e+03
9.505859375000001504e-04 -5.261620799235030972e+03
9.515625000000001513e-04 -5.730148853862775468e+03
9.525390625000001521e-04 -6.261704301659279736e+03
9.535156250000001530e-04 -6.867717092716977277e+03
9.544921875000001539e-04 -7.562230517880442676e+03
9.554687500000001547e-04 -8.362620397589673303e+03
9.564453125000001556e-04 -9.290543053646451881e+03
9.574218750000001565e-04 -1.037319322678044773e+04
9.583984375000001573e-04 -1.164498353980984211e+04
9.593750000000001582e-04 -1.314979620412739314e+04
9.603515625000001591e-04 -1.494401191504602320e+04
9.613281250000001599e-04 -1.710058372152573429e+04
9.623046875000001608e-04 -1.971449169138248544e+04
9.632812500000001617e-04 -2.290995820412469402e+04
9.642578125000001625e-04 -2.684976570585109584e+04
9.652343750000001634e-04 -3.174673815697756072e+04
9.662109375000001643e-04 -3.787668955577563611e+04
9.671875000000001651e-04 -4.559049326301263500e+04
9.681640625000001660e-04 -5.532035651768084790e+04
9.691406250000001669e-04 -6.757401396876873332e+04
9.701171875000001677e-04 -8.292091335236809391e+04
9.710937500000001686e-04 -1.020306030979649368e+05
9.720703125000001695e-04 -1.260141108040414692e+05
9.725585937500002241e-04 -1.406068056732389960e+05
9.730468750000001703e-04 -1.578838383708705369e+05
9.735351562500001166e-04 -1.793619393213279545e+05
9.740234375000000628e-04 -2.079869089224405761e+05
9.745117187500000090e-04 -2.497628964898032136e+05
9.747558593750000906e-04 -2.791868179583064630e+05
9.750000000000000637e-04 -3.177739624285856844e+05
9.752441406250000368e-04 -3.698559297291128896e+05
9.754882812500001183e-04 -4.417457058319321368e+05
9.757324218750000914e-04 -5.409592925100711873e+05
9.759765625000000645e-04 -6.684976990867559798e+05
9.760986328124999969e-04 -7.347719002536491025e+05
9.762207031250000376e-04 -7.892735863765528193e+05
9.762817382812500038e-04 -8.069187456041732803e+05
9.763122558593750411e-04 -8.123246460574376397e+05
9.763275146484375056e-04 -8.140541448951009661e+05
9.763427734375000784e-04 -8.150941249570953660e+05
9.763504028320313648e-04 -8.153469269678662531e+05
9.763580322265625428e-04 -8.154174291724119103e+05
9.763656616210937209e-04 -8.153027109620684059e+05
9.763732910156250073e-04 -8.150001267448569415e+05
9.763885498046875801e-04 -8.138217939774976112e+05
9.764038085937500446e-04 -8.118660021489281207e+05
9.764648437500000108e-04 -7.960949522943870397e+05
9.765869140624999431e-04 -7.281744483909219271e+05
9.767089843750000923e-04 -6.250764134546776768e+05
9.769531249999999570e-04 -4.031730901687071309e+05
9.771972656249998217e-04 -2.431040366823945078e+05
9.774414062499999032e-04 -1.491150205008470512e+05
9.776855468749999847e-04 -9.635401335983604076e+04
9.779296874999998494e-04 -6.635876128568690910e+04
9.781738281249999310e-04 -4.880029388964064128e+04
9.784179687500000125e-04 -3.818949260234034591e+04
9.786621093749998772e-04 -3.157744675785054642e+04
9.789062499999999587e-04 -2.733386055951407252e+04
9.791503906250000402e-04 -2.452832285649190089e+04
9.793945312499999049e-04 -2.261380494904510851e+04
9.796386718749999865e-04 -2.126019582847650963e+04
9.798828125000000680e-04 -2.026388578705701730e+04
9.803710937500000142e-04 -1.887834837736405098e+04
9.808593749999999604e-04 -1.789471393904988872e+04
9.813476562499999067e-04 -1.707965859917879789e+04
9.818359374999998529e-04 -1.633631791849122419e+04
9.828124999999999622e-04 -1.493664171663629349e+04
9.837890625000000715e-04 -1.361179090665795957e+04
9.847656249999999639e-04 -1.237322416634076035e+04
9.857421874999998564e-04 -1.123666357174820769e+04
9.867187499999999657e-04 -1.020824923779098754e+04
9.876953125000000749e-04 -9.286020775482027602e+03
9.886718749999999674e-04 -8.463252373749282924e+03
9.896484374999998598e-04 -7.731007591913174110e+03
9.906249999999999691e-04 -7.079725083689635539e+03
9.916015625000000784e-04 -6.500096695037021163e+03
9.925781249999999709e-04 -5.983503121139404357e+03
9.935546874999998633e-04 -5.522190003460831576e+03
9.945312499999999726e-04 -5.109300087733493456e+03
9.955078125000000819e-04 -4.738833087734903529e+03
9.964843749999999743e-04 -4.405570093311934215e+03
9.984374999999999761e-04 -3.833168966274199192e+03
1.000390624999999978e-03 -3.362722967949327995e+03
1.002343749999999980e-03 -2.972188592917157166e+03
1.004296874999999981e-03 -2.644928294469223147e+03
1.006249999999999983e-03 -2.368279284387988810e+03
1.008203124999999985e-03 -2.132511878849684308e+03
1.010156249999999986e-03 -1.930075972068906367e+03
1.012109374999999988e-03 -1.755055224941344477e+03
1.014062499999999990e-03 -1.602769514820517088e+03
1.017968749999999993e-03 -1.352187416713849871e+03
1.021874999999999997e-03 -1.156248236117364740e+03
1.025781250000000000e-03 -1.000219593490956299e+03
1.029687500000000004e-03 -8.739898931659049595e+02
1.037500000000000011e-03 -6.844593547862448304e+02
1.045312500000000018e-03 -5.511026779486475107e+02
1.053125000000000025e-03 -4.537187749572991038e+02
1.060937500000000032e-03 -3.804239130885416103e+02
1.068750000000000039e-03 -3.238628132011463663e+02
1.084375000000000052e-03 -2.435224178561334440e+02
1.100000000000000066e-03 -1.903100796989257617e+02
1.131249999999999877e-03 -1.262755480256515597e+02
1.162499999999999905e-03 -9.055061613162892797e+01
1.224999999999999960e-03 -5.394376740014827476e+01
1.287500000000000016e-03 -3.636325796048334524e+01
1.350000000000000071e-03 -2.650108836161659553e+01
1.412500000000000127e-03 -2.037712792078618662e+01
1.475000000000000182e-03 -1.629173611012348033e+01
1.537500000000000238e-03 -1.341704074895489285e+01
1.600000000000000077e-03 -1.130920354883321011e+01
