5.999999999999999474e-04 -1.447269869278223986e+01
6.624999999999998945e-04 -2.337155395328745655e+01
7.249999999999999500e-04 -3.918597577777664753e+01
7.562499999999999778e-04 -5.243776521730371343e+01
7.875000000000000056e-04 -7.290133370738600149e+01
8.187500000000000333e-04 -1.073301614052879671e+02
8.343750000000000472e-04 -1.342304210664165680e+02
8.500000000000000611e-04 -1.724693305030392310e+02
8.656250000000000749e-04 -2.293908166268049058e+02
8.734375000000000819e-04 -2.688653340476207063e+02
8.812500000000000888e-04 -3.192928930913890895e+02
8.890625000000000958e-04 -3.850761994769368357e+02
8.968750000000001027e-04 -4.730520464828057356e+02
9.007812500000001062e-04 -5.285790216985740244e+02
9.046875000000001096e-04 -5.942961435018783050e+02
9.085937500000001131e-04 -6.728288198733094987e+02
9.125000000000001166e-04 -7.677004306161907152e+02
9.164062500000001200e-04 -8.837264410626943345e+02
9.203125000000001235e-04 -1.027625366701090798e+03
9.242187500000001270e-04 -1.208994448861060619e+03
9.281250000000001305e-04 -1.441920895199264123e+03
9.300781250000001322e-04 -1.583990910511235825e+03
9.320312500000001339e-04 -1.747747933612346969e+03
9.339843750000001357e-04 -1.937801028213034670e+03
9.359375000000001374e-04 -2.160044941861587176e+03
9.378906250000001391e-04 -2.422113786627030095e+03
9.398437500000001409e-04 -2.734031815446095152e+03
9.417968750000001426e-04 -3.109165932413895007e+03
9.437500000000001443e-04 -3.565649051252174104e+03
9.447265625000001452e-04 -3.831880133695384302e+03
9.457031250000001461e-04 -4.128559559793745393e+03
9.466796875000001469e-04 -4.460466670153241466e+03
9.476562500000001478e-04 -4.833348380231074771e+03
9.486328125000001487e-04 -5.254162522463235291e+03
9.496093750000001495e-04 -5.731394097100292129e+03
9.505859375000001504e-04 -6.275472097811461026e+03
9.515625000000001513e-04 -6.899322894262982118e+03
9.525390625000001521e-04 -7.619114837055095450e+03
9.535156250000001530e-04 -8.455271074873604448e+03
9.544921875000001539e-04 -9.433865316529523625e+03
9.554687500000001547e-04 -1.058857262860246556e+04
9.564453125000001556e-04 -1.196343515439736075e+04
9.574218750000001565e-04 -1.361684621149979284e+04
9.583984375000001573e-04 -1.562738567313294698e+04
9.593750000000001582e-04 -1.810251621179329959e+04
9.603515625000001591e-04 -2.119177790430993628e+04
9.613281250000001599e-04 -2.510716622563095734e+04
9.623046875000001608e-04 -3.015511985701034791e+04
9.632812500000001617e-04 -3.678735061692648742e+04
9.637695312500001079e-04 -4.089752805230952799e+04
9.642578125000001625e-04 -4.568186729716421542e+04
9.647460937500002172e-04 -5.128125830117106671e+04
9.652343750000001634e-04 -5.786985621842232649e+04
9.657226562500001096e-04 -6.566233818058379984e+04
9.662109375000001643e-04 -7.492144130670612503e+04
9.666992187500002189e-04 -8.596427644566731760e+04
9.671875000000001651e-04 -9.916423373148440442e+04
9.676757812500001114e-04 -1.149423939505575545e+05
9.681640625000001660e-04 -1.337377061697219615e+05
9.686523437500002207e-04 -1.559380366707750654e+05
9.691406250000001669e-04 -1.817433810741216294e+05
9.701171875000001677e-04 -2.423455928614905570e+05
9.706054687500002224e-04 -2.734059066959868069e+05
9.708496093750001955e-04 -2.873950944736885140e+05
9.710937500000001686e-04 -2.993367133594542393e+05
9.713378906250001417e-04 -3.083754886401871336e+05
9.714599609375001825e-04 -3.115512251484761364e+05
9.715820312500001148e-04 -3.137156158216195181e+05
9.716430664062501894e-04 -3.143973357794047333e+05
9.717041015625001556e-04 -3.148034230522756698e+05
9.717346191406251929e-04 -3.149015977415688685e+05
9.717498779296876573e-04 -3.149242640536836698e+05
9.717651367187501218e-04 -3.149292590632042265e+05
9.717803955078126946e-04 -3.149165403748562676e+05
9.717956542968751591e-04 -3.148860795029905275e+05
9.718261718750001964e-04 -3.147718397938795388e+05
9.718872070312501625e-04 -3.143298387172120274e+05
9.719482421875001287e-04 -3.136036469911662280e+05
9.720703125000001695e-04 -3.113089013559289742e+05
9.723144531250001426e-04 -3.035141533853382571e+05
9.725585937500002241e-04 -2.919689124808970955e+05
9.730468750000001703e-04 -2.611568020358274225e+05
9.735351562500001166e-04 -2.261725965422907320e+05
9.740234375000000628e-04 -1.924672590596537921e+05
9.745117187500000090e-04 -1.627191673134265002e+05
9.750000000000000637e-04 -1.376320758684197790e+05
9.754882812500001183e-04 -1.169255981895094446e+05
9.759765625000000645e-04 -9.996934090980100154e+04
9.764648437500000108e-04 -8.608885384522465756e+04
9.769531249999999570e-04 -7.468344410730572417e+04
9.774414062499999032e-04 -6.525647680492766813e+04
9.779296874999998494e-04 -5.741093444285987789e+04
9.784179687500000125e-04 -5.083403407470973616e+04
9.789062499999999587e-04 -4.528051853881149145e+04
9.793945312499999049e-04 -4.055795147201865620e+04
9.798828125000000680e-04 -3.651478719297378120e+04
9.803710937500000142e-04 -3.303104269887915143e+04
9.808593749999999604e-04 -3.001113209191639908e+04
9.818359374999998529e-04 -2.507094931201061263e+04
9.828124999999999622e-04 -2.123981171564164833e+04
9.837890625000000715e-04 -1.821415208109167361e+04
9.847656249999999639e-04 -1.578601573885765720e+04
9.857421874999998564e-04 -1.380961008240021329e+04
9.867187499999999657e-04 -1.218054814805741808e+04
9.876953125000000749e-04 -1.082265044514744659e+04
9.886718749999999674e-04 -9.679354409656010830e+03
9.896484374999998598e-04 -8.708000357722396075e+03
9.906249999999999691e-04 -7.875954112965480817e+03
9.916015625000000784e-04 -7.157924996927805296e+03
9.925781249999999709e-04 -6.534080651147980461e+03
9.935546874999998633e-04 -5.988699782542037610e+03
9.945312499999999726e-04 -5.509194880647104583e+03
9.955078125000000819e-04 -5.085395295152487051e+03
9.964843749999999743e-04 -4.709012824452995119e+03
9.974609374999998668e-04 -4.373240468279543165e+03
9.984374999999999761e-04 -4.072446829635677659e+03
1.000390624999999978e-03 -3.557791566122040877e+03
1.002343749999999980e-03 -3.135804503750228378e+03
1.004296874999999981e-03 -2.785499070974125971e+03
1.006249999999999983e-03 -2.491502778832665172e+03
1.008203124999999985e-03 -2.242349703784502253e+03
1.010156249999999986e-03 -2.029348476951898192e+03
1.012109374999999988e-03 -1.845814796522513461e+03
1.014062499999999990e-03 -1.686540474555005858e+03
1.017968749999999993e-03 -1.425177954790786998e+03
1.021874999999999997e-03 -1.221294406869439854e+03
1.025781250000000000e-03 -1.059135314936884470e+03
1.029687500000000004e-03 -9.279996484355418715e+02
1.033593750000000007e-03 -8.204124669831844585e+02
1.037500000000000011e-03 -7.310242716028359382e+02
1.041406250000000014e-03 -6.559246979719132469e+02
1.045312500000000018e-03 -5.922015835024452599e+02
1.053125000000000025e-03 -4.905750814079966631e+02
1.060937500000000032e-03 -4.138571172744343016e+02
1.068750000000000039e-03 -3.544539220565795290e+02
1.076562500000000045e-03 -3.074658381502171665e+02
1.084375000000000052e-03 -2.696157066878635078e+02
1.100000000000000066e-03 -2.129501540620302080e+02
1.115624999999999863e-03 -1.730677281219582540e+02
1.131249999999999877e-03 -1.438218984611484359e+02
1.162499999999999905e-03 -1.043943047800998443e+02
1.193749999999999933e-03 -7.948470943493614982e+01
1.224999999999999960e-03 -6.258091028034426273e+01
1.287500000000000016e-03 -4.156501620850161771e+01
1.350000000000000071e-03 -2.951795916156467214e+01
1.412500000000000127e-03 -2.219278646548161760e+01
1.475000000000000182e-03 -1.763219129620931369e+01
1.537500000000000238e-03 -1.471510603634426317e+01
1.600000000000000077e-03 -1.271714448332116909e+01
