0.000000000000000000e+00 9.639711950235859811e-12
1.250000000000000026e-04 -7.267494709478914405e-01
2.500000000000000052e-04 -1.701351700886378104e+00
3.125000000000000065e-04 -2.335609583103501752e+00
3.750000000000000078e-04 -3.176747570936298892e+00
4.375000000000000091e-04 -4.408428833666048874e+00
4.687499999999999827e-04 -5.266976517800019408e+00
5.000000000000000104e-04 -6.366740804914441831e+00
5.312500000000000382e-04 -7.794785896977141526e+00
5.625000000000000659e-04 -9.672158929715996223e+00
5.937500000000000937e-04 -1.217108031890062136e+01
6.250000000000000130e-04 -1.554376241515276291e+01
6.562499999999999323e-04 -2.017271672839147811e+01
6.874999999999999601e-04 -2.666281521662899223e+01
7.187499999999999879e-04 -3.601959945592456336e+01
7.500000000000000156e-04 -5.001951642437633438e+01
7.812500000000000434e-04 -7.204880443574680271e+01
8.125000000000000711e-04 -1.092317450349068224e+02
8.281250000000000850e-04 -1.380910803217384455e+02
8.437500000000000989e-04 -1.787210029062652268e+02
8.593750000000001128e-04 -2.383761838493204550e+02
8.750000000000000182e-04 -3.308663745578913904e+02
8.828124999999999167e-04 -3.974166374023851063e+02
8.906249999999999237e-04 -4.851633161000836481e+02
8.984374999999999306e-04 -6.040758732836088711e+02
9.062499999999999375e-04 -7.707287297347406820e+02
9.101562499999999410e-04 -8.803070161434878855e+02
9.140624999999999445e-04 -1.014324084974045149e+03
9.179687499999999480e-04 -1.180577306148566322e+03
9.218749999999999514e-04 -1.390228736967706254e+03
9.257812499999999549e-04 -1.659704664156088256e+03
9.277343749999999566e-04 -1.824210123786477880e+03
9.296874999999999584e-04 -2.013970626592478538e+03
9.316406249999999601e-04 -2.234401726362218142e+03
9.335937499999999618e-04 -2.492445892707096391e+03
9.355468749999999636e-04 -2.797117649272465769e+03
9.374999999999999653e-04 -3.160288992922015041e+03
9.394531249999999670e-04 -3.597843841145816896e+03
9.414062499999999688e-04 -4.131412355543850936e+03
9.433593749999999705e-04 -4.791041813006120719e+03
9.453124999999999722e-04 -5.619424920086883503e+03
9.472656249999999740e-04 -6.678807856930824528e+03
9.492187499999999757e-04 -8.062687589228786237e+03
9.501953124999999766e-04 -8.918856776928476393e+03
9.511718749999999774e-04 -9.916451146395393152e+03
9.521484374999999783e-04 -1.108794959361753172e+04
9.531249999999999792e-04 -1.247556463967037416e+04
9.541015624999999801e-04 -1.413489615776922074e+04
9.550781249999999809e-04 -1.614025227477286353e+04
9.560546874999999818e-04 -1.859254106682937709e+04
9.570312499999999827e-04 -2.163119567676444785e+04
9.580078124999999835e-04 -2.545256010865707140e+04
9.589843749999999844e-04 -3.033878588658182343e+04
9.599609374999999853e-04 -3.670405819524508115e+04
9.609374999999999861e-04 -4.516940376484161243e+04
9.619140624999999870e-04 -5.668327039811936993e+04
9.628906249999999879e-04 -7.270726791326646344e+04
9.638671874999999887e-04 -9.545457575875689508e+04
9.648437499999999896e-04 -1.279671275897006562e+05
9.658203124999999905e-04 -1.729784294131633942e+05
9.667968749999999913e-04 -2.274564483574825863e+05
9.672851562499999375e-04 -2.529464697286940936e+05
9.677734374999999922e-04 -2.720457628391174949e+05
9.680175781249999653e-04 -2.779651824432288995e+05
9.681396484375000061e-04 -2.798679928359715268e+05
9.682617187500000468e-04 -2.810384694095444866e+05
9.683227539062500130e-04 -2.813469212833401398e+05
9.683532714843750503e-04 -2.814320369852807489e+05
9.683837890624999792e-04 -2.814712401638864540e+05
9.684143066406250165e-04 -2.814647019071128452e+05
9.684448242187500538e-04 -2.814126472864160896e+05
9.685058593750000199e-04 -2.811730905425907695e+05
9.686279296875000607e-04 -2.801621959586429293e+05
9.687499999999999931e-04 -2.784669111746712006e+05
9.689941406249999662e-04 -2.731781029272825108e+05
9.692382812499999393e-04 -2.656754128318910371e+05
9.697265624999999939e-04 -2.457404718215829635e+05
9.707031249999999948e-04 -1.972116922600418038e+05
9.716796874999999957e-04 -1.512390018934826367e+05
9.726562499999999965e-04 -1.146540912406177085e+05
9.736328124999999974e-04 -8.758847847458141041e+04
9.746093749999999983e-04 -6.800838117014477029e+04
9.755859374999999991e-04 -5.380834422472273582e+04
9.765625000000000000e-04 -4.336965688435044285e+04
9.775390624999998924e-04 -3.555934684903192101e+04
9.785156250000000017e-04 -2.960677095443090002e+04
9.794921875000001110e-04 -2.498868472170468522e+04
9.804687500000000035e-04 -2.134627912431152436e+04
9.814453124999998959e-04 -1.842981178296305006e+04
9.824218750000000052e-04 -1.606253144467900347e+04
9.833984375000001145e-04 -1.411721428605167603e+04
9.843750000000000069e-04 -1.250077641446078087e+04
9.853515624999998994e-04 -1.114405059363056898e+04
9.863281250000000087e-04 -9.994892966112316572e+03
9.873046875000001180e-04 -9.013461434389117130e+03
9.882812500000000104e-04 -8.168933122161502070e+03
9.902343750000000121e-04 -6.799143368282567280e+03
9.921875000000000139e-04 -5.746165855543130419e+03
9.941406250000000156e-04 -4.919771567647087977e+03
9.960937500000000173e-04 -4.259560562739859051e+03
9.980468750000000191e-04 -3.723917541123752926e+03
1.000000000000000021e-03 -3.283440082312356481e+03
1.001953125000000023e-03 -2.916891120390694596e+03
1.003906250000000024e-03 -2.608629259229264335e+03
1.005859375000000026e-03 -2.346932728496903565e+03
1.007812500000000028e-03 -2.122879774631337114e+03
1.009765625000000029e-03 -1.929584207778273822e+03
1.011718750000000031e-03 -1.761663499555352701e+03
1.015625000000000035e-03 -1.485778964804170982e+03
1.019531250000000038e-03 -1.270308356232200595e+03
1.023437500000000042e-03 -1.098803702212891039e+03
1.027343750000000045e-03 -9.600552938210335014e+02
1.031250000000000049e-03 -8.462111425178750324e+02
1.039062500000000056e-03 -6.722139556107340468e+02
1.046875000000000062e-03 -5.472413739950145555e+02
1.054687500000000069e-03 -4.544338165942119190e+02
1.062500000000000076e-03 -3.836076100337776325e+02
1.078125000000000090e-03 -2.843166901860392954e+02
1.093750000000000104e-03 -2.195204314147864011e+02
1.109375000000000118e-03 -1.748852010882188210e+02
1.125000000000000132e-03 -1.428274725346001048e+02
1.156250000000000160e-03 -1.008742711765234787e+02
1.187500000000000187e-03 -7.546634640514788828e+01
1.218750000000000215e-03 -5.894358671210869716e+01
1.250000000000000026e-03 -4.761739206697554039e+01
1.281249999999999837e-03 -3.952889726679715210e+01
1.312499999999999865e-03 -3.355716206181933359e+01
1.343749999999999892e-03 -2.902196995870552243e+01
1.374999999999999920e-03 -2.549072637229722460e+01
1.406249999999999948e-03 -2.267775921392609462e+01
1.437499999999999976e-03 -2.038867292622410687e+01
1.468750000000000003e-03 -1.848805465679312121e+01
1.500000000000000031e-03 -1.687991649522582449e+01
1.562500000000000087e-03 -1.428471793006314172e+01
1.625000000000000142e-03 -1.225069029058872339e+01
1.687500000000000198e-03 -1.059368423744129828e+01
1.750000000000000036e-03 -9.218785487257278533e+00
1.812499999999999875e-03 -8.076823559694901178e+00
1.874999999999999931e-03 -7.138970123953051861e+00
2.000000000000000042e-03 -5.781622808671272651e+00
