0.000000000000000000e+00 1.359491912924534000e-11
1.250000000000000026e-04 -5.461088322900685688e-01
2.500000000000000052e-04 -1.492329883283111114e+00
3.125000000000000065e-04 -2.228198042701099890e+00
3.750000000000000078e-04 -3.252682168067966284e+00
4.375000000000000091e-04 -4.720422289455848741e+00
4.687499999999999827e-04 -5.697609915932390301e+00
5.000000000000000104e-04 -6.900264187993106368e+00
5.312500000000000382e-04 -8.398470027358090562e+00
5.625000000000000659e-04 -1.029103466806630252e+01
5.937500000000000937e-04 -1.272065787793377112e+01
6.250000000000000130e-04 -1.589926026985151530e+01
6.562499999999999323e-04 -2.015202128423362993e+01
6.874999999999999601e-04 -2.599766817898451521e+01
7.187499999999999879e-04 -3.430342738056244656e+01
7.500000000000000156e-04 -4.660553295921846484e+01
7.812500000000000434e-04 -6.583211094029762478e+01
8.125000000000000711e-04 -9.812594443702545277e+01
8.281250000000000850e-04 -1.231085904736889489e+02
8.437500000000000989e-04 -1.581843281693269603e+02
8.593750000000001128e-04 -2.094991320118517137e+02
8.750000000000000182e-04 -2.886521369098565515e+02
8.828124999999999167e-04 -3.453183148090692498e+02
8.906249999999999237e-04 -4.196870649633511334e+02
8.984374999999999306e-04 -5.198805174230677721e+02
9.062499999999999375e-04 -6.592416246112509270e+02
9.101562499999999410e-04 -7.502496995546474636e+02
9.140624999999999445e-04 -8.609245830911077064e+02
9.179687499999999480e-04 -9.973129686545219101e+02
9.218749999999999514e-04 -1.167962508824047291e+03
9.257812499999999549e-04 -1.385267038150747339e+03
9.277343749999999566e-04 -1.516867724336294486e+03
9.296874999999999584e-04 -1.667733117722066709e+03
9.316406249999999601e-04 -1.841779034900478109e+03
9.335937499999999618e-04 -2.043961642091745034e+03
9.355468749999999636e-04 -2.280625173849677594e+03
9.374999999999999653e-04 -2.559992009326618700e+03
9.394531249999999670e-04 -2.892865509498142728e+03
9.414062499999999688e-04 -3.293656606823731636e+03
9.433593749999999705e-04 -3.781914901532428303e+03
9.453124999999999722e-04 -4.384664404608917721e+03
9.472656249999999740e-04 -5.140058441119294002e+03
9.492187499999999757e-04 -6.103262008019469249e+03
9.511718749999999774e-04 -7.356221407763441675e+03
9.521484374999999783e-04 -8.128196796219930548e+03
9.531249999999999792e-04 -9.024467992569159833e+03
9.541015624999999801e-04 -1.007242213587394872e+04
9.550781249999999809e-04 -1.130717371877249934e+04
9.560546874999999818e-04 -1.277423479575140664e+04
9.570312499999999827e-04 -1.453327448888698927e+04
9.580078124999999835e-04 -1.666348365133561674e+04
9.589843749999999844e-04 -1.927132330747631568e+04
9.599609374999999853e-04 -2.250187355525093881e+04
9.609374999999999861e-04 -2.655570840567778578e+04
9.619140624999999870e-04 -3.171447397944678232e+04
9.628906249999999879e-04 -3.838086632662334159e+04
9.638671874999999887e-04 -4.714485965017520357e+04
9.648437499999999896e-04 -5.890690753654175933e+04
9.658203124999999905e-04 -7.515795286935182230e+04
9.667968749999999913e-04 -9.879962613896724361e+04
9.672851562499999375e-04 -1.153011857743970904e+05
9.677734374999999922e-04 -1.371440204110610648e+05
9.682617187500000468e-04 -1.678706372489295318e+05
9.687499999999999931e-04 -2.143712712646984437e+05
9.692382812499999393e-04 -2.891519046200730372e+05
9.697265624999999939e-04 -4.051117027874892810e+05
9.699707031249999670e-04 -4.715552687319839606e+05
9.702148437500000486e-04 -5.239638627454166999e+05
9.703369140624999809e-04 -5.376544259512898279e+05
9.703674316406250182e-04 -5.393625566413289635e+05
9.703979492187500555e-04 -5.403422684445395134e+05
9.704132080078125199e-04 -5.405556849454776384e+05
9.704284667968749844e-04 -5.405839263014305616e+05
9.704437255859375572e-04 -5.404269315920086810e+05
9.704589843750000217e-04 -5.400850435184290400e+05
9.705200195312499879e-04 -5.368917952372428263e+05
9.705810546875000625e-04 -5.308838971937155584e+05
9.707031249999999948e-04 -5.113938439398556948e+05
9.709472656249999679e-04 -4.523756903879576130e+05
9.711914062499999410e-04 -3.853531247734286007e+05
9.716796874999999957e-04 -2.747436675588510116e+05
9.721679687500000503e-04 -2.045386313258903683e+05
9.726562499999999965e-04 -1.605880358161045297e+05
9.731445312499999428e-04 -1.312908493341883586e+05
9.736328124999999974e-04 -1.103593264007987746e+05
9.746093749999999983e-04 -8.205390371192138991e+04
9.755859374999999991e-04 -6.353341205284321040e+04
9.765625000000000000e-04 -5.048290639978522813e+04
9.775390624999998924e-04 -4.090988746478579560e+04
9.785156250000000017e-04 -3.370066275203828263e+04
9.794921875000001110e-04 -2.816034111981916431e+04
9.804687500000000035e-04 -2.382873451946666682e+04
9.814453124999998959e-04 -2.039018990151559410e+04
9.824218750000000052e-04 -1.762288249409940909e+04
9.833984375000001145e-04 -1.536789359373524348e+04
9.843750000000000069e-04 -1.350945433596129988e+04
9.853515624999998994e-04 -1.196194353381594192e+04
9.863281250000000087e-04 -1.066114685384353834e+04
9.873046875000001180e-04 -9.558274912680637499e+03
9.882812500000000104e-04 -8.615807514186459230e+03
9.902343750000000121e-04 -7.101605511668108193e+03
9.921875000000000139e-04 -5.951354562917395924e+03
9.941406250000000156e-04 -5.058164951274916348e+03
9.960937500000000173e-04 -4.351353225632696194e+03
9.980468750000000191e-04 -3.782780605613153966e+03
1.000000000000000021e-03 -3.318803834116217331e+03
1.001953125000000023e-03 -2.935367942303458676e+03
1.003906250000000024e-03 -2.614922185519571030e+03
1.005859375000000026e-03 -2.344428245990412961e+03
1.007812500000000028e-03 -2.114042303713013098e+03
1.009765625000000029e-03 -1.916223270050740894e+03
1.011718750000000031e-03 -1.745117632159321374e+03
1.013671875000000033e-03 -1.596127053214667740e+03
1.015625000000000035e-03 -1.465599598217512721e+03
1.019531250000000038e-03 -1.248774227839099922e+03
1.023437500000000042e-03 -1.077195529574738885e+03
1.027343750000000045e-03 -9.390842176900080176e+02
1.031250000000000049e-03 -8.262568672221894985e+02
1.035156250000000052e-03 -7.328860453906296470e+02
1.039062500000000056e-03 -6.547314019820333897e+02
1.046875000000000062e-03 -5.322644839150094640e+02
1.054687500000000069e-03 -4.417366326049644272e+02
1.062500000000000076e-03 -3.728981990951284615e+02
1.078125000000000090e-03 -2.767532254650528785e+02
1.093750000000000104e-03 -2.142142651268407576e+02
1.109375000000000118e-03 -1.711964493969153978e+02
1.125000000000000132e-03 -1.403013618181329889e+02
1.156250000000000160e-03 -9.978470527093554665e+01
1.187500000000000187e-03 -7.509656824779467854e+01
1.218750000000000215e-03 -5.889134243811486868e+01
1.250000000000000026e-03 -4.765025645169188095e+01
1.281249999999999837e-03 -3.951296689844983945e+01
1.312499999999999865e-03 -3.341925918302531784e+01
1.343749999999999892e-03 -2.872810440073419969e+01
1.374999999999999920e-03 -2.503292330131760224e+01
1.406249999999999948e-03 -2.206543751830031042e+01
1.437499999999999976e-03 -1.964264185991241618e+01
1.468750000000000003e-03 -1.763611057651231562e+01
1.500000000000000031e-03 -1.595348786108859329e+01
1.531250000000000059e-03 -1.452692529605804772e+01
1.562500000000000087e-03 -1.330563426488120449e+01
1.625000000000000142e-03 -1.133303749697481777e+01
1.687500000000000198e-03 -9.818796909942188122e+00
1.750000000000000036e-03 -8.627435940813461102e+00
1.812499999999999875e-03 -7.670608742199041430e+00
1.874999999999999931e-03 -6.888598660504287707e+00
2.000000000000000042e-03 -5.694421047924501877e+00
