5.999999999999999474e-04 -1.167011934488728642e+01
6.624999999999998945e-04 -1.657989057284783740e+01
7.249999999999999500e-04 -2.616566317141242592e+01
7.562499999999999778e-04 -3.481937913306921928e+01
7.875000000000000056e-04 -4.882909026421672394e+01
8.187500000000000333e-04 -7.334801309935875224e+01
8.343750000000000472e-04 -9.295395016378900266e+01
8.500000000000000611e-04 -1.212093370924576021e+02
8.656250000000000749e-04 -1.637827623509182615e+02
8.734375000000000819e-04 -1.935428651518385550e+02
8.812500000000000888e-04 -2.317570118646686410e+02
8.890625000000000958e-04 -2.818554327165342102e+02
8.968750000000001027e-04 -3.491784175744523395e+02
9.046875000000001096e-04 -4.424012571296565284e+02
9.085937500000001131e-04 -5.029929528533342022e+02
9.125000000000001166e-04 -5.763667555174770314e+02
9.164062500000001200e-04 -6.663209096579329298e+02
9.203125000000001235e-04 -7.781651937299081965e+02
9.242187500000001270e-04 -9.195011131127038198e+02
9.281250000000001305e-04 -1.101513942533753834e+03
9.320312500000001339e-04 -1.341198068455947805e+03
9.339843750000001357e-04 -1.490492786413965177e+03
9.359375000000001374e-04 -1.665371287207889509e+03
9.378906250000001391e-04 -1.871960150541192206e+03
9.398437500000001409e-04 -2.118323073752569599e+03
9.417968750000001426e-04 -2.415241126643245025e+03
9.437500000000001443e-04 -2.777383214754798701e+03
9.457031250000001461e-04 -3.225106393094413306e+03
9.466796875000001469e-04 -3.489646136665990980e+03
9.476562500000001478e-04 -3.787301272257036089e+03
9.486328125000001487e-04 -4.123772882997409397e+03
9.496093750000001495e-04 -4.506031812739150155e+03
9.505859375000001504e-04 -4.942670786841104018e+03
9.515625000000001513e-04 -5.444373772364945580e+03
9.525390625000001521e-04 -6.024550456453537663e+03
9.535156250000001530e-04 -6.700203532088396969e+03
9.544921875000001539e-04 -7.493130146664786480e+03
9.554687500000001547e-04 -8.431610813718269128e+03
9.564453125000001556e-04 -9.552818400390369789e+03
9.574218750000001565e-04 -1.090631060201888977e+04
9.583984375000001573e-04 -1.255917943384999671e+04
9.593750000000001582e-04 -1.460377611430255638e+04
9.603515625000001591e-04 -1.716950412556034644e+04
9.613281250000001599e-04 -2.044112038724224476e+04
9.623046875000001608e-04 -2.468751496312762174e+04
9.627929687500002155e-04 -2.729400967806263725e+04
9.632812500000001617e-04 -3.030724115669983439e+04
9.637695312500001079e-04 -3.380896074718276941e+04
9.642578125000001625e-04 -3.789983966244661860e+04
9.647460937500002172e-04 -4.270375323305474012e+04
9.652343750000001634e-04 -4.837253352901207836e+04
9.657226562500001096e-04 -5.509072052428142342e+04
9.662109375000001643e-04 -6.307926929698042659e+04
9.666992187500002189e-04 -7.259636803870936274e+04
9.671875000000001651e-04 -8.393268650474371680e+04
9.676757812500001114e-04 -9.739859707701072330e+04
9.681640625000001660e-04 -1.133051163499362738e+05
9.686523437500002207e-04 -1.319539837430201005e+05
9.691406250000001669e-04 -1.536805553138891992e+05
9.696289062500001131e-04 -1.790251151910243789e+05
9.701171875000001677e-04 -2.090827397137228691e+05
9.706054687500002224e-04 -2.458504235515336040e+05
9.710937500000001686e-04 -2.917116951522649615e+05
9.715820312500001148e-04 -3.459413177895162953e+05
9.718261718750001964e-04 -3.730868728712541633e+05
9.720703125000001695e-04 -3.963501291175652295e+05
9.721923828125002102e-04 -4.052591330786090693e+05
9.723144531250001426e-04 -4.116653703796216287e+05
9.723754882812502172e-04 -4.137896513026773464e+05
9.724365234375001834e-04 -4.151343823931009392e+05
9.724670410156252207e-04 -4.155035781256841728e+05
9.724822998046876851e-04 -4.156108790863236645e+05
9.724975585937501495e-04 -4.156662090572809102e+05
9.725128173828127224e-04 -4.156692769466768950e+05
9.725280761718751868e-04 -4.156198508068611845e+05
9.725585937500002241e-04 -4.153628202283320134e+05
9.726196289062501903e-04 -4.142138402039614739e+05
9.726806640625001565e-04 -4.122212646541487193e+05
9.728027343750001972e-04 -4.057746659436337068e+05
9.730468750000001703e-04 -3.841282555807463359e+05
9.732910156250001435e-04 -3.539749849111328949e+05
9.735351562500001166e-04 -3.196351422690831241e+05
9.740234375000000628e-04 -2.518915961854721827e+05
9.745117187500000090e-04 -1.960478020445421571e+05
9.750000000000000637e-04 -1.539832307773870416e+05
9.754882812500001183e-04 -1.230217865190473094e+05
9.759765625000000645e-04 -1.001146486406169133e+05
9.764648437500000108e-04 -8.289560902873837040e+04
9.769531249999999570e-04 -6.970538646104549116e+04
9.774414062499999032e-04 -5.941015520149454824e+04
9.779296874999998494e-04 -5.123353189880311402e+04
9.784179687500000125e-04 -4.463681192590490537e+04
9.789062499999999587e-04 -3.923966524443195522e+04
9.793945312499999049e-04 -3.476860424399639305e+04
9.798828125000000680e-04 -3.102341385057640218e+04
9.803710937500000142e-04 -2.785502136930871711e+04
9.808593749999999604e-04 -2.515068377350962692e+04
9.813476562499999067e-04 -2.282389966277559870e+04
9.818359374999998529e-04 -2.080742553214483632e+04
9.828124999999999622e-04 -1.750460510432118826e+04
9.837890625000000715e-04 -1.493420131983128340e+04
9.847656249999999639e-04 -1.289437185763620619e+04
9.857421874999998564e-04 -1.124835662071779552e+04
9.867187499999999657e-04 -9.900812086146086585e+03
9.876953125000000749e-04 -8.783613917583363218e+03
9.886718749999999674e-04 -7.847032236873079455e+03
9.896484374999998598e-04 -7.054074796383381909e+03
9.906249999999999691e-04 -6.376762087739880371e+03
9.916015625000000784e-04 -5.793613592757886181e+03
9.925781249999999709e-04 -5.287916707802393830e+03
9.935546874999998633e-04 -4.846510774412911815e+03
9.945312499999999726e-04 -4.458917487139886362e+03
9.955078125000000819e-04 -4.116711008262175710e+03
9.964843749999999743e-04 -3.813053204751090107e+03
9.984374999999999761e-04 -3.299979753809827798e+03
1.000390624999999978e-03 -2.885545692427607264e+03
1.002343749999999980e-03 -2.545920560877552361e+03
1.004296874999999981e-03 -2.264065135580573497e+03
1.006249999999999983e-03 -2.027534106817745624e+03
1.008203124999999985e-03 -1.827065631995297281e+03
1.010156249999999986e-03 -1.655651390914512376e+03
1.012109374999999988e-03 -1.507908892581619966e+03
1.014062499999999990e-03 -1.379648821637539641e+03
1.017968749999999993e-03 -1.169046582121907477e+03
1.021874999999999997e-03 -1.004598097200197799e+03
1.025781250000000000e-03 -8.736617199727572824e+02
1.029687500000000004e-03 -7.676541601224819260e+02
1.033593750000000007e-03 -6.805803949387087641e+02
1.037500000000000011e-03 -6.081495975836868411e+02
1.041406250000000014e-03 -5.472244652195163326e+02
1.045312500000000018e-03 -4.954677002567169666e+02
1.053125000000000025e-03 -4.127862045432132732e+02
1.060937500000000032e-03 -3.502315125769592896e+02
1.068750000000000039e-03 -3.016942826114341187e+02
1.084375000000000052e-03 -2.321866051469978913e+02
1.100000000000000066e-03 -1.856117147280342579e+02
1.115624999999999863e-03 -1.527483421765560365e+02
1.131249999999999877e-03 -1.286033063893644623e+02
1.162499999999999905e-03 -9.598927461977167752e+01
1.193749999999999933e-03 -7.533756482227826723e+01
1.224999999999999960e-03 -6.127243308290895385e+01
1.287500000000000016e-03 -4.354875687444301491e+01
1.350000000000000071e-03 -3.291041918446099146e+01
1.412500000000000127e-03 -2.581632239983617083e+01
1.475000000000000182e-03 -2.073649438594646810e+01
1.537500000000000238e-03 -1.691892047019678813e+01
1.600000000000000077e-03 -1.395734452080277954e+01
