5.999999999999999474e-04 -1.216786243918056343e+01
6.624999999999998945e-04 -1.936971738647715569e+01
7.249999999999999500e-04 -3.323964391810336849e+01
7.875000000000000056e-04 -6.797377460874548660e+01
8.187500000000000333e-04 -9.648021002444292549e+01
8.343750000000000472e-04 -1.182578476035964741e+02
8.500000000000000611e-04 -1.486337815082895304e+02
8.656250000000000749e-04 -2.116651383014408054e+02
8.812500000000000888e-04 -2.946366931158626130e+02
8.890625000000000958e-04 -3.547045468454851402e+02
8.968750000000001027e-04 -4.342976832178915174e+02
9.046875000000001096e-04 -5.427789639813653366e+02
9.085937500000001131e-04 -6.123827257899682763e+02
9.125000000000001166e-04 -6.958443268377981212e+02
9.164062500000001200e-04 -7.970997519061893399e+02
9.203125000000001235e-04 -9.214802925903841242e+02
9.242187500000001270e-04 -1.076585220269412275e+03
9.281250000000001305e-04 -1.273355278866843037e+03
9.300781250000001322e-04 -1.392160542163727996e+03
9.320312500000001339e-04 -1.528056212486708091e+03
9.339843750000001357e-04 -1.684466351768716549e+03
9.359375000000001374e-04 -1.865715514524252740e+03
9.378906250000001391e-04 -2.077328410930004338e+03
9.398437500000001409e-04 -2.326452349985908768e+03
9.417968750000001426e-04 -2.622464209282593856e+03
9.437500000000001443e-04 -2.977859297778796645e+03
9.457031250000001461e-04 -3.409583192564701221e+03
9.466796875000001469e-04 -3.661062862688509540e+03
9.476562500000001478e-04 -3.941077247172402622e+03
9.486328125000001487e-04 -4.254098952390598242e+03
9.496093750000001495e-04 -4.605511566071745619e+03
9.505859375000001504e-04 -5.001841978003955774e+03
9.515625000000001513e-04 -5.451064370668665106e+03
9.525390625000001521e-04 -5.963003466205023869e+03
9.535156250000001530e-04 -6.549874924483457107e+03
9.544921875000001539e-04 -7.227019456094524685e+03
9.554687500000001547e-04 -8.013914556709559292e+03
9.564453125000001556e-04 -8.935590113487831331e+03
9.574218750000001565e-04 -1.002464376220793929e+04
9.583984375000001573e-04 -1.132416558012744645e+04
9.593750000000001582e-04 -1.289207157173903215e+04
9.603515625000001591e-04 -1.480767833033497664e+04
9.613281250000001599e-04 -1.718194172815897036e+04
9.623046875000001608e-04 -2.017387336682028035e+04
9.632812500000001617e-04 -2.401771910978704909e+04
9.637695312500001079e-04 -2.636371929102234935e+04
9.642578125000001625e-04 -2.906954203724806212e+04
9.647460937500002172e-04 -3.221217486886557163e+04
9.652343750000001634e-04 -3.588986597165889543e+04
9.657226562500001096e-04 -4.022925898274544306e+04
9.662109375000001643e-04 -4.539455270023343473e+04
9.666992187500002189e-04 -5.160071139127593051e+04
9.671875000000001651e-04 -5.912922980852080946e+04
9.676757812500001114e-04 -6.834647296432590520e+04
9.681640625000001660e-04 -7.971795038759012823e+04
9.686523437500002207e-04 -9.379944972317504289e+04
9.691406250000001669e-04 -1.111553395090624545e+05
9.696289062500001131e-04 -1.320977270820609701e+05
9.701171875000001677e-04 -1.560947635894308623e+05
9.706054687500002224e-04 -1.808893215927659767e+05
9.710937500000001686e-04 -2.022403606574742880e+05
9.713378906250001417e-04 -2.102277759417026828e+05
9.715820312500001148e-04 -2.160608434327448485e+05
9.718261718750001964e-04 -2.198937222769664950e+05
9.720703125000001695e-04 -2.221978894195902976e+05
9.723144531250001426e-04 -2.236226200199494779e+05
9.725585937500002241e-04 -2.248200756912938377e+05
9.730468750000001703e-04 -2.283635354813301528e+05
9.735351562500001166e-04 -2.342342747477938246e+05
9.737792968750000897e-04 -2.375550237887966214e+05
9.740234375000000628e-04 -2.405746037937766814e+05
9.742675781250000359e-04 -2.427910059479219199e+05
9.743896484375000767e-04 -2.434432293867284025e+05
9.744506835937500428e-04 -2.436305228004337987e+05
9.744812011718750801e-04 -2.436866746994529676e+05
9.745117187500000090e-04 -2.437168537942613475e+05
9.745422363281250463e-04 -2.437203603830681532e+05
9.745727539062500836e-04 -2.436965366029654688e+05
9.746337890625000498e-04 -2.435644452636929345e+05
9.747558593750000906e-04 -2.429474944696301245e+05
9.748779296875000229e-04 -2.418377415056059253e+05
9.750000000000000637e-04 -2.402180653175158950e+05
9.752441406250000368e-04 -2.354380010278507834e+05
9.754882812500001183e-04 -2.286953493382203160e+05
9.759765625000000645e-04 -2.103925954333113041e+05
9.764648437500000108e-04 -1.881840997968732554e+05
9.769531249999999570e-04 -1.650429803267254902e+05
9.779296874999998494e-04 -1.234361833917725162e+05
9.784179687500000125e-04 -1.064346263881904888e+05
9.789062499999999587e-04 -9.200663831395797024e+04
9.793945312499999049e-04 -7.987615234968368895e+04
9.798828125000000680e-04 -6.970876058361363539e+04
9.803710937500000142e-04 -6.118010572303097433e+04
9.808593749999999604e-04 -5.400365814412823966e+04
9.813476562499999067e-04 -4.793784243776993389e+04
9.818359374999998529e-04 -4.278389533283342462e+04
9.823242187500000160e-04 -3.838027921874270396e+04
9.828124999999999622e-04 -3.459640636206469935e+04
9.837890625000000715e-04 -2.848622726813503687e+04
9.847656249999999639e-04 -2.382799594781057021e+04
9.857421874999998564e-04 -2.020682773657375219e+04
9.867187499999999657e-04 -1.734217494044319392e+04
9.876953125000000749e-04 -1.504035700172609722e+04
9.886718749999999674e-04 -1.316489912881213786e+04
9.896484374999998598e-04 -1.161775251662003211e+04
9.906249999999999691e-04 -1.032719459880297654e+04
9.916015625000000784e-04 -9.239881835395879534e+03
9.925781249999999709e-04 -8.315532362110694521e+03
9.935546874999998633e-04 -7.523301238168376585e+03
9.945312499999999726e-04 -6.839265869292863499e+03
9.955078125000000819e-04 -6.244654802988639858e+03
9.964843749999999743e-04 -5.724578854820191737e+03
9.974609374999998668e-04 -5.267111225973038927e+03
9.984374999999999761e-04 -4.862610450701533409e+03
9.994140625000000853e-04 -4.503216049295028824e+03
1.000390624999999978e-03 -4.182469810303567101e+03
1.001367187499999870e-03 -3.895026385081704120e+03
1.002343749999999980e-03 -3.636431835510185465e+03
1.004296874999999981e-03 -3.191434412429705390e+03
1.006249999999999983e-03 -2.823997292632023346e+03
1.008203124999999985e-03 -2.517078381193802215e+03
1.010156249999999986e-03 -2.258068596194832935e+03
1.012109374999999988e-03 -2.037478229242126645e+03
1.014062499999999990e-03 -1.848055576577758075e+03
1.016015624999999992e-03 -1.684182574458458248e+03
1.017968749999999993e-03 -1.541452479862690097e+03
1.021874999999999997e-03 -1.306132301170946448e+03
1.025781250000000000e-03 -1.121545132291061236e+03
1.029687500000000004e-03 -9.740505278961313707e+02
1.033593750000000007e-03 -8.543060174963327427e+02
1.037500000000000011e-03 -7.557384352854826375e+02
1.045312500000000018e-03 -6.044527528568800108e+02
1.053125000000000025e-03 -4.952276943727948719e+02
1.060937500000000032e-03 -4.137392471385217618e+02
1.068750000000000039e-03 -3.512890269683520046e+02
1.084375000000000052e-03 -2.632527855013491944e+02
1.100000000000000066e-03 -2.053875637324081254e+02
1.115624999999999863e-03 -1.652529989936288644e+02
1.131249999999999877e-03 -1.362312398420313286e+02
1.162499999999999905e-03 -9.786796083679155345e+01
1.224999999999999960e-03 -5.868438009761796792e+01
1.287500000000000016e-03 -3.987157058469165349e+01
1.350000000000000071e-03 -2.928817226122634665e+01
1.412500000000000127e-03 -2.268438466743067039e+01
1.475000000000000182e-03 -1.825068200390443351e+01
1.537500000000000238e-03 -1.510715877772948978e+01
1.600000000000000077e-03 -1.278263226065934077e+01
