0.000000000000000000e+00 6.494802551364258332e-12
1.250000000000000026e-04 -7.383664198175414750e-01
2.500000000000000052e-04 -1.738535111233040498e+00
3.125000000000000065e-04 -2.386512836739735910e+00
3.750000000000000078e-04 -3.232301698622706887e+00
4.375000000000000091e-04 -4.446283579973425937e+00
4.687499999999999827e-04 -5.282169779196754789e+00
5.000000000000000104e-04 -6.346680521914480622e+00
5.312500000000000382e-04 -7.724122196673090635e+00
5.625000000000000659e-04 -9.532684869870632127e+00
5.937500000000000937e-04 -1.194171258869852181e+01
6.250000000000000130e-04 -1.520062838417112872e+01
6.562499999999999323e-04 -1.968940761680368823e+01
6.874999999999999601e-04 -2.601095217514317071e+01
7.187499999999999879e-04 -3.517008738903849974e+01
7.500000000000000156e-04 -4.894548682136070994e+01
7.812500000000000434e-04 -7.073311055767872801e+01
8.125000000000000711e-04 -1.076880693289475062e+02
8.281250000000000850e-04 -1.364636708797271751e+02
8.437500000000000989e-04 -1.770618177500558659e+02
8.593750000000001128e-04 -2.367901994574456808e+02
8.750000000000000182e-04 -3.295700829640466623e+02
8.828124999999999167e-04 -3.964161614466977994e+02
8.906249999999999237e-04 -4.846305575504856620e+02
8.984374999999999306e-04 -6.042804716605750173e+02
9.062499999999999375e-04 -7.721101021718536686e+02
9.101562499999999410e-04 -8.825302169883509578e+02
9.140624999999999445e-04 -1.017633968581677095e+03
9.179687499999999480e-04 -1.185306141453720329e+03
9.218749999999999514e-04 -1.396836433560726846e+03
9.257812499999999549e-04 -1.668842553418988473e+03
9.277343749999999566e-04 -1.834944103635716601e+03
9.296874999999999584e-04 -2.026586097392514148e+03
9.316406249999999601e-04 -2.249249450882720794e+03
9.335937499999999618e-04 -2.509960928865004007e+03
9.355468749999999636e-04 -2.817845029825197798e+03
9.374999999999999653e-04 -3.184919034586588623e+03
9.394531249999999670e-04 -3.627261424088124841e+03
9.414062499999999688e-04 -4.166766793607998807e+03
9.433593749999999705e-04 -4.833847607634373162e+03
9.453124999999999722e-04 -5.671709640298875456e+03
9.472656249999999740e-04 -6.743333118632344849e+03
9.492187499999999757e-04 -8.143285083523996946e+03
9.501953124999999766e-04 -9.009396488098869668e+03
9.511718749999999774e-04 -1.001854103803868929e+04
9.521484374999999783e-04 -1.120352410803554631e+04
9.531249999999999792e-04 -1.260696064455929445e+04
9.541015624999999801e-04 -1.428494610541648581e+04
9.550781249999999809e-04 -1.631239606427039871e+04
9.560546874999999818e-04 -1.879095520959850546e+04
9.570312499999999827e-04 -2.186093137042704620e+04
9.580078124999999835e-04 -2.571966750720014898e+04
9.589843749999999844e-04 -3.065037577452010373e+04
9.599609374999999853e-04 -3.706821615102390933e+04
9.609374999999999861e-04 -4.559486872384865273e+04
9.619140624999999870e-04 -5.717905331260686216e+04
9.628906249999999879e-04 -7.328392109184169385e+04
9.638671874999999887e-04 -9.613525571908566053e+04
9.648437499999999896e-04 -1.288370824279106600e+05
9.658203124999999905e-04 -1.743277174786774849e+05
9.667968749999999913e-04 -2.298535434598803986e+05
9.672851562499999375e-04 -2.559041443013401877e+05
9.677734374999999922e-04 -2.751533856882829568e+05
9.680175781249999653e-04 -2.808596969834065530e+05
9.681396484375000061e-04 -2.825691579457749613e+05
9.682617187500000468e-04 -2.834878841160069569e+05
9.682922363281249757e-04 -2.835933567364041810e+05
9.683227539062500130e-04 -2.836492564553940319e+05
9.683532714843750503e-04 -2.836557421617905493e+05
9.683837890624999792e-04 -2.836130261144608376e+05
9.684448242187500538e-04 -2.833810907226309064e+05
9.685058593750000199e-04 -2.829562071568880347e+05
9.686279296875000607e-04 -2.815425344485137612e+05
9.687499999999999931e-04 -2.794090185174482758e+05
9.689941406249999662e-04 -2.731776993572523934e+05
9.692382812499999393e-04 -2.647154120984451147e+05
9.697265624999999939e-04 -2.431095554513767711e+05
9.707031249999999948e-04 -1.931637929451262753e+05
9.716796874999999957e-04 -1.477512143084796262e+05
9.726562499999999965e-04 -1.122385591334760684e+05
9.736328124999999974e-04 -8.606467335353724775e+04
9.746093749999999983e-04 -6.708759898097944097e+04
9.755859374999999991e-04 -5.326740591221912473e+04
9.765625000000000000e-04 -4.306296117416330526e+04
9.775390624999998924e-04 -3.539686415441190911e+04
9.785156250000000017e-04 -2.953349767976362273e+04
9.794921875000001110e-04 -2.497085284918790421e+04
9.804687500000000035e-04 -2.136291984967842654e+04
9.814453124999998959e-04 -1.846773170183008551e+04
9.824218750000000052e-04 -1.611332509319821838e+04
9.833984375000001145e-04 -1.417547031706325106e+04
9.843750000000000069e-04 -1.256298491869254758e+04
9.853515624999998994e-04 -1.120792665876190949e+04
9.863281250000000087e-04 -1.005895116757294272e+04
9.873046875000001180e-04 -9.076743854627449764e+03
9.882812500000000104e-04 -8.230833031879976261e+03
9.902343750000000121e-04 -6.857322334434523327e+03
9.921875000000000139e-04 -5.800162468721930964e+03
9.941406250000000156e-04 -4.969618891970224468e+03
9.960937500000000173e-04 -4.305503476017459434e+03
9.980468750000000191e-04 -3.766278859019819265e+03
1.000000000000000021e-03 -3.322557314262694490e+03
1.001953125000000023e-03 -2.953087562001914648e+03
1.003906250000000024e-03 -2.642201981294432699e+03
1.005859375000000026e-03 -2.378148871828222127e+03
1.007812500000000028e-03 -2.151976815457478097e+03
1.009765625000000029e-03 -1.956772019610410325e+03
1.011718750000000031e-03 -1.787127086682998652e+03
1.015625000000000035e-03 -1.508263821622439764e+03
1.019531250000000038e-03 -1.290324356509236623e+03
1.023437500000000042e-03 -1.116751014824646518e+03
1.027343750000000045e-03 -9.762511566761529593e+02
1.031250000000000049e-03 -8.609097497744782004e+02
1.039062500000000056e-03 -6.844981294467818316e+02
1.046875000000000062e-03 -5.576735431371481582e+02
1.054687500000000069e-03 -4.634071054487212677e+02
1.062500000000000076e-03 -3.914055577268130151e+02
1.078125000000000090e-03 -2.903436235888722194e+02
1.093750000000000104e-03 -2.242801070535617498e+02
1.109375000000000118e-03 -1.786945831475260320e+02
1.125000000000000132e-03 -1.458982162428870879e+02
1.156250000000000160e-03 -1.028727742659743569e+02
1.187500000000000187e-03 -7.672847631274828473e+01
1.218750000000000215e-03 -5.967704849286990765e+01
1.250000000000000026e-03 -4.796364047169906542e+01
1.281249999999999837e-03 -3.959154875990105893e+01
1.312499999999999865e-03 -3.341620603941110090e+01
1.343749999999999892e-03 -2.874132279471788110e+01
1.374999999999999920e-03 -2.512242934630669211e+01
1.406249999999999948e-03 -2.226439961294033765e+01
1.437499999999999976e-03 -1.996483986147250533e+01
1.468750000000000003e-03 -1.808127107954205215e+01
1.500000000000000031e-03 -1.651129814985803890e+01
1.531250000000000059e-03 -1.518017936419883718e+01
1.562500000000000087e-03 -1.403277123576935814e+01
1.625000000000000142e-03 -1.213587746590552108e+01
1.687500000000000198e-03 -1.060422160001916758e+01
1.750000000000000036e-03 -9.320794734072771703e+00
1.874999999999999931e-03 -7.289091212350753857e+00
2.000000000000000042e-03 -5.840571355636524409e+00
