5.999999999999999474e-04 -1.212089762972376583e+01
6.624999999999998945e-04 -1.917401464237550002e+01
7.249999999999999500e-04 -3.264036574811371594e+01
7.875000000000000056e-04 -6.276411997376976615e+01
8.187500000000000333e-04 -9.374357429557682053e+01
8.500000000000000611e-04 -1.516025013293792654e+02
8.656250000000000749e-04 -2.012437307506972104e+02
8.812500000000000888e-04 -2.781158717854930273e+02
8.890625000000000958e-04 -3.333472860463170946e+02
8.968750000000001027e-04 -4.060576598982027576e+02
9.046875000000001096e-04 -5.043844346582482103e+02
9.125000000000001166e-04 -6.417856858426380313e+02
9.164062500000001200e-04 -7.318823182825822187e+02
9.203125000000001235e-04 -8.418152361920937210e+02
9.242187500000001270e-04 -9.778127624057301546e+02
9.281250000000001305e-04 -1.148742192187741693e+03
9.320312500000001339e-04 -1.367569472829218057e+03
9.339843750000001357e-04 -1.500700292501555168e+03
9.359375000000001374e-04 -1.653852649443745804e+03
9.378906250000001391e-04 -1.831234084851992748e+03
9.398437500000001409e-04 -2.038195253156278568e+03
9.417968750000001426e-04 -2.281647341931368373e+03
9.437500000000001443e-04 -2.570633660842513109e+03
9.457031250000001461e-04 -2.917167107391432637e+03
9.476562500000001478e-04 -3.337476238076209029e+03
9.496093750000001495e-04 -3.853904287707893218e+03
9.505859375000001504e-04 -4.157516212539844673e+03
9.515625000000001513e-04 -4.497882192422841399e+03
9.525390625000001521e-04 -4.881133495808196130e+03
9.535156250000001530e-04 -5.314727448161798748e+03
9.544921875000001539e-04 -5.807805447676127187e+03
9.554687500000001547e-04 -6.371669045723594536e+03
9.564453125000001556e-04 -7.020420196873735222e+03
9.574218750000001565e-04 -7.771834187558114536e+03
9.583984375000001573e-04 -8.648568014675825907e+03
9.593750000000001582e-04 -9.679860059649756295e+03
9.603515625000001591e-04 -1.090396691523320987e+04
9.613281250000001599e-04 -1.237173272178103252e+04
9.623046875000001608e-04 -1.415194974425364489e+04
9.632812500000001617e-04 -1.633965213066197794e+04
9.642578125000001625e-04 -1.906942785440109947e+04
9.652343750000001634e-04 -2.253777110284742230e+04
9.662109375000001643e-04 -2.704289076018517153e+04
9.666992187500002189e-04 -2.982271053645056600e+04
9.671875000000001651e-04 -3.306125079990788799e+04
9.676757812500001114e-04 -3.687211719766375609e+04
9.681640625000001660e-04 -4.141047462649555382e+04
9.686523437500002207e-04 -4.689495477591495728e+04
9.691406250000001669e-04 -5.364530791467674135e+04
9.696289062500001131e-04 -6.215019771570693410e+04
9.701171875000001677e-04 -7.319530085313088784e+04
9.706054687500002224e-04 -8.811657653245193069e+04
9.710937500000001686e-04 -1.093168716867969197e+05
9.715820312500001148e-04 -1.412994807550438272e+05
9.720703125000001695e-04 -1.923087180851112353e+05
9.725585937500002241e-04 -2.734251384038726101e+05
9.728027343750001972e-04 -3.249242129485880141e+05
9.730468750000001703e-04 -3.756818381349440315e+05
9.731689453125001027e-04 -3.966865615994266118e+05
9.732910156250001435e-04 -4.122966928112561000e+05
9.733520507812501096e-04 -4.176196170647013350e+05
9.734130859375001842e-04 -4.211403566404147423e+05
9.734436035156251131e-04 -4.222117997644738643e+05
9.734741210937501504e-04 -4.228250441761711845e+05
9.734893798828126148e-04 -4.229615146920753759e+05
9.734970092773439013e-04 -4.229876489282890689e+05
9.735046386718751877e-04 -4.229859208374231821e+05
9.735122680664064741e-04 -4.229564952928061248e+05
9.735198974609376521e-04 -4.228995808912235661e+05
9.735351562500001166e-04 -4.227040395778728416e+05
9.735656738281250454e-04 -4.219925701266503893e+05
9.735961914062500827e-04 -4.208679483817464788e+05
9.736572265625000489e-04 -4.174588416623255471e+05
9.737792968750000897e-04 -4.066722088864659308e+05
9.740234375000000628e-04 -3.751742867858585669e+05
9.745117187500000090e-04 -3.085419193678657175e+05
9.750000000000000637e-04 -2.614881172000093793e+05
9.754882812500001183e-04 -2.310975095927860239e+05
9.759765625000000645e-04 -2.092786145505009627e+05
9.764648437500000108e-04 -1.909141596587912645e+05
9.769531249999999570e-04 -1.736276537327441620e+05
9.779296874999998494e-04 -1.402917309781746881e+05
9.789062499999999587e-04 -1.104103657943959261e+05
9.798828125000000680e-04 -8.607410491702205036e+04
9.808593749999999604e-04 -6.738963613985695702e+04
9.818359374999998529e-04 -5.338443141921208007e+04
9.828124999999999622e-04 -4.291696734087579534e+04
9.837890625000000715e-04 -3.503115680617713224e+04
9.847656249999999639e-04 -2.901340782785162082e+04
9.857421874999998564e-04 -2.435363055740022901e+04
9.867187499999999657e-04 -2.069171062426831850e+04
9.876953125000000749e-04 -1.777291042350583666e+04
9.886718749999999674e-04 -1.541542408458134742e+04
9.896484374999998598e-04 -1.348792070897829763e+04
9.906249999999999691e-04 -1.189425889790316069e+04
9.916015625000000784e-04 -1.056309648650540657e+04
9.925781249999999709e-04 -9.440787695823255490e+03
9.935546874999998633e-04 -8.486478776272319010e+03
9.945312499999999726e-04 -7.668681709770532507e+03
9.955078125000000819e-04 -6.962853083223385511e+03
9.964843749999999743e-04 -6.349659369886996501e+03
9.974609374999998668e-04 -5.813721142900480118e+03
9.984374999999999761e-04 -5.342691719627171551e+03
9.994140625000000853e-04 -4.926573627466671496e+03
1.000390624999999978e-03 -4.557207477056126663e+03
1.001367187499999870e-03 -4.227883626933487903e+03
1.002343749999999980e-03 -3.933046418559178619e+03
1.004296874999999981e-03 -3.429057706238647825e+03
1.006249999999999983e-03 -3.016360929802982810e+03
1.008203124999999985e-03 -2.674223806090149083e+03
1.010156249999999986e-03 -2.387462314125476041e+03
1.012109374999999988e-03 -2.144755917247464822e+03
1.014062499999999990e-03 -1.937528883309934145e+03
1.016015624999999992e-03 -1.759190782989837544e+03
1.017968749999999993e-03 -1.604610715180649549e+03
1.019921874999999995e-03 -1.469746763059645673e+03
1.021874999999999997e-03 -1.351380386159420823e+03
1.025781250000000000e-03 -1.154275858522148383e+03
1.029687500000000004e-03 -9.978363788409523067e+02
1.033593750000000007e-03 -8.715789835578104885e+02
1.037500000000000011e-03 -7.681934253538033772e+02
1.045312500000000018e-03 -6.105557647314215046e+02
1.053125000000000025e-03 -4.976144387159603752e+02
1.060937500000000032e-03 -4.138874075536044757e+02
1.068750000000000039e-03 -3.500652236517707934e+02
1.084375000000000052e-03 -2.606677794485602249e+02
1.100000000000000066e-03 -2.023283587584379006e+02
1.115624999999999863e-03 -1.620956587518962522e+02
1.131249999999999877e-03 -1.331395904073857253e+02
1.162499999999999905e-03 -9.507421071847603855e+01
1.224999999999999960e-03 -5.651894127153381220e+01
1.287500000000000016e-03 -3.818149192527965852e+01
1.350000000000000071e-03 -2.794774741631511006e+01
1.412500000000000127e-03 -2.161028136933311572e+01
1.475000000000000182e-03 -1.738705304608546598e+01
1.537500000000000238e-03 -1.441476777431932454e+01
1.600000000000000077e-03 -1.223237575724973247e+01
