0.000000000000000000e+00 1.190029709034213082e-11
1.250000000000000026e-04 -7.765296350160292294e-01
2.500000000000000052e-04 -1.868696754348650124e+00
3.125000000000000065e-04 -2.579508892391313424e+00
3.750000000000000078e-04 -3.478145685579288049e+00
4.375000000000000091e-04 -4.699146985684863331e+00
4.687499999999999827e-04 -5.504320533017313721e+00
5.000000000000000104e-04 -6.502900669416608714e+00
5.312500000000000382e-04 -7.767270127421739723e+00
5.625000000000000659e-04 -9.400967574625642698e+00
5.937500000000000937e-04 -1.155507061666123114e+01
6.250000000000000130e-04 -1.445566382030634500e+01
6.562499999999999323e-04 -1.845184801831526755e+01
6.874999999999999601e-04 -2.410380381630860924e+01
7.187499999999999879e-04 -3.235391940851304327e+01
7.500000000000000156e-04 -4.488354017790491213e+01
7.812500000000000434e-04 -6.492498356809028337e+01
8.125000000000000711e-04 -9.933199496425217490e+01
8.437500000000000989e-04 -1.647333662709627049e+02
8.593750000000001128e-04 -2.215411156484966284e+02
8.750000000000000182e-04 -3.103429600183829393e+02
8.828124999999999167e-04 -3.746181447541720786e+02
8.906249999999999237e-04 -4.597176988711401577e+02
8.984374999999999306e-04 -5.755320957341787107e+02
9.062499999999999375e-04 -7.385532911157564513e+02
9.101562499999999410e-04 -8.460966004362893500e+02
9.140624999999999445e-04 -9.779338848844676022e+02
9.179687499999999480e-04 -1.141881667956466345e+03
9.218749999999999514e-04 -1.349152448416921743e+03
9.257812499999999549e-04 -1.616283361014156071e+03
9.277343749999999566e-04 -1.779694018373245399e+03
9.296874999999999584e-04 -1.968468887158807320e+03
9.316406249999999601e-04 -2.188089777297243927e+03
9.335937499999999618e-04 -2.445593941302172425e+03
9.355468749999999636e-04 -2.750132318448396290e+03
9.374999999999999653e-04 -3.113774865022978247e+03
9.394531249999999670e-04 -3.552695772274986666e+03
9.414062499999999688e-04 -4.088956185938662657e+03
9.433593749999999705e-04 -4.753252678899030798e+03
9.453124999999999722e-04 -5.589272569834474780e+03
9.472656249999999740e-04 -6.660814213167951493e+03
9.492187499999999757e-04 -8.063846322079674792e+03
9.501953124999999766e-04 -8.933384355657830383e+03
9.511718749999999774e-04 -9.947775216557527528e+03
9.521484374999999783e-04 -1.114042093265865697e+04
9.531249999999999792e-04 -1.255473094500784282e+04
9.541015624999999801e-04 -1.424785908412508434e+04
9.550781249999999809e-04 -1.629612703271111241e+04
9.560546874999999818e-04 -1.880303284426976461e+04
9.570312499999999827e-04 -2.191128489624637587e+04
9.580078124999999835e-04 -2.582122752844855131e+04
9.589843749999999844e-04 -3.081956207762385748e+04
9.599609374999999853e-04 -3.732487667205723847e+04
9.609374999999999861e-04 -4.596073050111297925e+04
9.619140624999999870e-04 -5.767325335769937374e+04
9.628906249999999879e-04 -7.391626255221982137e+04
9.638671874999999887e-04 -9.691699819970392855e+04
9.648437499999999896e-04 -1.299283694404701964e+05
9.658203124999999905e-04 -1.767820524833372037e+05
9.667968749999999913e-04 -2.375327191021853359e+05
9.672851562499999375e-04 -2.684632019623355591e+05
9.677734374999999922e-04 -2.929319268438855070e+05
9.680175781249999653e-04 -3.005715138554895530e+05
9.681396484375000061e-04 -3.029146334998329403e+05
9.682617187500000468e-04 -3.041941206278087921e+05
9.682922363281249757e-04 -3.043438626551895286e+05
9.683227539062500130e-04 -3.044250209763724706e+05
9.683380126953124774e-04 -3.044398538193912827e+05
9.683532714843750503e-04 -3.044375225213124650e+05
9.683685302734375147e-04 -3.044180349517472205e+05
9.683837890624999792e-04 -3.043813999067365075e+05
9.684448242187500538e-04 -3.040639306926077697e+05
9.685058593750000199e-04 -3.034750107177119353e+05
9.686279296875000607e-04 -3.015006261597564444e+05
9.687499999999999931e-04 -2.985092798191935290e+05
9.689941406249999662e-04 -2.897854297564028529e+05
9.692382812499999393e-04 -2.780671942781106918e+05
9.697265624999999939e-04 -2.491383517538400192e+05
9.707031249999999948e-04 -1.882697770262106205e+05
9.716796874999999957e-04 -1.393237214234407002e+05
9.726562499999999965e-04 -1.041831824520675727e+05
9.736328124999999974e-04 -7.948634238304499013e+04
9.746093749999999983e-04 -6.198747397233182710e+04
9.755859374999999991e-04 -4.936292589073816634e+04
9.765625000000000000e-04 -4.006288911073251074e+04
9.775390624999998924e-04 -3.306776634687388287e+04
9.785156250000000017e-04 -2.770216972406029527e+04
9.794921875000001110e-04 -2.351189254178527699e+04
9.804687500000000035e-04 -2.018583780463241419e+04
9.814453124999998959e-04 -1.750683174165814489e+04
9.824218750000000052e-04 -1.532041352001324412e+04
9.833984375000001145e-04 -1.351476027791159140e+04
9.843750000000000069e-04 -1.200756326200829062e+04
9.853515624999998994e-04 -1.073729804796579447e+04
9.863281250000000087e-04 -9.657317852008414775e+03
9.873046875000001180e-04 -8.731788565653336263e+03
9.882812500000000104e-04 -7.932848053468071157e+03
9.902343750000000121e-04 -6.631609395642030904e+03
9.921875000000000139e-04 -5.626322101846984879e+03
9.941406250000000156e-04 -4.833940430530418780e+03
9.960937500000000173e-04 -4.198501997359996494e+03
9.980468750000000191e-04 -3.681225472469846864e+03
1.000000000000000021e-03 -3.254571806209894930e+03
1.001953125000000023e-03 -2.898560974088981766e+03
1.003906250000000024e-03 -2.598419064510386761e+03
1.005859375000000026e-03 -2.343035174186820768e+03
1.007812500000000028e-03 -2.123925531751061953e+03
1.009765625000000029e-03 -1.934523106376445639e+03
1.011718750000000031e-03 -1.769681350556471216e+03
1.015625000000000035e-03 -1.498176595311377923e+03
1.019531250000000038e-03 -1.285460196392638636e+03
1.023437500000000042e-03 -1.115660945481967474e+03
1.027343750000000045e-03 -9.779257666225959156e+02
1.031250000000000049e-03 -8.646299216566728774e+02
1.039062500000000056e-03 -6.908793703094449938e+02
1.046875000000000062e-03 -5.655336562533558435e+02
1.054687500000000069e-03 -4.720613537831560507e+02
1.062500000000000076e-03 -4.004416835275633275e+02
1.078125000000000090e-03 -2.994713130699989279e+02
1.093750000000000104e-03 -2.330653438802978030e+02
1.125000000000000132e-03 -1.535791984474476521e+02
1.156250000000000160e-03 -1.093616819119465617e+02
1.187500000000000187e-03 -8.209710666643437094e+01
1.218750000000000215e-03 -6.402926953314602088e+01
1.250000000000000026e-03 -5.140535549499986701e+01
1.281249999999999837e-03 -4.222427482165813473e+01
1.312499999999999865e-03 -3.533655856866903378e+01
1.343749999999999892e-03 -3.004166667880944175e+01
1.374999999999999920e-03 -2.589141777884864126e+01
1.406249999999999948e-03 -2.258712555339185357e+01
1.437499999999999976e-03 -1.992262092867613887e+01
1.468750000000000003e-03 -1.775116664709392111e+01
1.500000000000000031e-03 -1.596546651468591449e+01
1.531250000000000059e-03 -1.448517100893868736e+01
1.562500000000000087e-03 -1.324883724980681876e+01
1.625000000000000142e-03 -1.132670108091368810e+01
1.687500000000000198e-03 -9.922442687251425752e+00
1.750000000000000036e-03 -8.856482936291540042e+00
1.812499999999999875e-03 -8.009739056885623043e+00
1.874999999999999931e-03 -7.303596814014214011e+00
2.000000000000000042e-03 -6.132785538052676344e+00
