0.000000000000000000e+00 1.337224448457632381e-11
1.250000000000000026e-04 -8.516800889654824180e-01
2.500000000000000052e-04 -2.146443014864759302e+00
3.125000000000000065e-04 -3.035534156612270884e+00
3.750000000000000078e-04 -4.167661174091735532e+00
4.375000000000000091e-04 -5.662032959282544020e+00
4.687499999999999827e-04 -6.606860599015128344e+00
5.000000000000000104e-04 -7.735534185078216218e+00
5.312500000000000382e-04 -9.106838668915072432e+00
5.625000000000000659e-04 -1.080472172695081667e+01
5.937500000000000937e-04 -1.295176744069418184e+01
6.250000000000000130e-04 -1.573178163860741385e+01
6.562499999999999323e-04 -1.942924050328716135e+01
6.874999999999999601e-04 -2.450158662337979010e+01
7.187499999999999879e-04 -3.171958624965031603e+01
7.500000000000000156e-04 -4.245966514695899008e+01
7.812500000000000434e-04 -5.936872215658271301e+01
8.125000000000000711e-04 -8.805779762189132498e+01
8.437500000000000989e-04 -1.421315729125360292e+02
8.593750000000001128e-04 -1.888942062275316687e+02
8.750000000000000182e-04 -2.618165817691830739e+02
8.828124999999999167e-04 -3.145201496510232460e+02
8.906249999999999237e-04 -3.842366587563043936e+02
8.984374999999999306e-04 -4.790406244913024807e+02
9.062499999999999375e-04 -6.123966779850617286e+02
9.101562499999999410e-04 -7.003340890072558977e+02
9.140624999999999445e-04 -8.081124868597640898e+02
9.179687499999999480e-04 -9.421198209546824955e+02
9.218749999999999514e-04 -1.111524674570988054e+03
9.257812499999999549e-04 -1.329860770899106910e+03
9.296874999999999584e-04 -1.617770885940098879e+03
9.316406249999999601e-04 -1.797359965838496919e+03
9.335937499999999618e-04 -2.007988535207388395e+03
9.355468749999999636e-04 -2.257187371380114655e+03
9.374999999999999653e-04 -2.554905813380116797e+03
9.394531249999999670e-04 -2.914503127224614673e+03
9.414062499999999688e-04 -3.354245934443804344e+03
9.433593749999999705e-04 -3.899628686408017984e+03
9.453124999999999722e-04 -4.587073801890014693e+03
9.472656249999999740e-04 -5.470027691288820279e+03
9.492187499999999757e-04 -6.629385291799027982e+03
9.501953124999999766e-04 -7.349803764729089380e+03
9.511718749999999774e-04 -8.192099449647064830e+03
9.521484374999999783e-04 -9.185001149843934400e+03
9.531249999999999792e-04 -1.036609652757129697e+04
9.541015624999999801e-04 -1.178526104696184666e+04
9.550781249999999809e-04 -1.350970255876762349e+04
9.560546874999999818e-04 -1.563152624836508949e+04
9.570312499999999827e-04 -1.827930158377074258e+04
9.580078124999999835e-04 -2.163611908224539729e+04
9.589843749999999844e-04 -2.596833146786628640e+04
9.599609374999999853e-04 -3.167209139722829059e+04
9.609374999999999861e-04 -3.934942266551202192e+04
9.619140624999999870e-04 -4.993145213027033606e+04
9.628906249999999879e-04 -6.486716478535268834e+04
9.638671874999999887e-04 -8.635905879871107754e+04
9.648437499999999896e-04 -1.174319607318120543e+05
9.658203124999999905e-04 -1.610051769800059847e+05
9.667968749999999913e-04 -2.165440205946782953e+05
9.677734374999999922e-04 -2.764650919845977915e+05
9.682617187500000468e-04 -3.039676725432567764e+05
9.687499999999999931e-04 -3.254008709016332286e+05
9.689941406249999662e-04 -3.317775584172794479e+05
9.691162109375000069e-04 -3.334292444090173813e+05
9.691772460937499731e-04 -3.338174442741128150e+05
9.692077636718750104e-04 -3.338963749247554224e+05
9.692382812499999393e-04 -3.338966065687916125e+05
9.692687988281249766e-04 -3.338168448626151658e+05
9.692993164062500139e-04 -3.336559325321952929e+05
9.693603515624999801e-04 -3.330867287941806717e+05
9.694824218750000208e-04 -3.309398858873753343e+05
9.697265624999999939e-04 -3.226032511625642655e+05
9.702148437500000486e-04 -2.919184801646135165e+05
9.707031249999999948e-04 -2.506633430355951423e+05
9.716796874999999957e-04 -1.719538253878589894e+05
9.726562499999999965e-04 -1.176765406769297551e+05
9.736328124999999974e-04 -8.357831639857184200e+04
9.746093749999999983e-04 -6.181054160742935346e+04
9.755859374999999991e-04 -4.734717698501045379e+04
9.765625000000000000e-04 -3.733863329754375445e+04
9.775390624999998924e-04 -3.015949826284996379e+04
9.785156250000000017e-04 -2.484952251132726815e+04
9.794921875000001110e-04 -2.081844143125115079e+04
9.804687500000000035e-04 -1.768954250876419974e+04
9.814453124999998959e-04 -1.521416522168572556e+04
9.824218750000000052e-04 -1.322321506219028197e+04
9.833984375000001145e-04 -1.159865050653548315e+04
9.843750000000000069e-04 -1.025614216619013678e+04
9.853515624999998994e-04 -9.134198019829516852e+03
9.863281250000000087e-04 -8.187154361769737989e+03
9.873046875000001180e-04 -7.380543472510767060e+03
9.882812500000000104e-04 -6.687964755515755314e+03
9.902343750000000121e-04 -5.567331723242550652e+03
9.921875000000000139e-04 -4.707862227332875591e+03
9.941406250000000156e-04 -4.034314484533738778e+03
9.960937500000000173e-04 -3.496684624965493185e+03
9.980468750000000191e-04 -3.060701586296995629e+03
1.000000000000000021e-03 -2.702246222011316149e+03
1.001953125000000023e-03 -2.403948299314323776e+03
1.003906250000000024e-03 -2.153042460285615107e+03
1.005859375000000026e-03 -1.939978104061817476e+03
1.007812500000000028e-03 -1.757495091497493377e+03
1.011718750000000031e-03 -1.463104828582554774e+03
1.015625000000000035e-03 -1.238026825112335246e+03
1.019531250000000038e-03 -1.062035277470917890e+03
1.023437500000000042e-03 -9.217835130690911001e+02
1.027343750000000045e-03 -8.081754741127413126e+02
1.031250000000000049e-03 -7.148384247016020936e+02
1.039062500000000056e-03 -5.719086916500601774e+02
1.046875000000000062e-03 -4.689720451579410110e+02
1.054687500000000069e-03 -3.923175593929668707e+02
1.062500000000000076e-03 -3.336534714794424872e+02
1.078125000000000090e-03 -2.510664532497144137e+02
1.093750000000000104e-03 -1.968397234861278378e+02
1.125000000000000132e-03 -1.320423283566646262e+02
1.156250000000000160e-03 -9.604408882143845005e+01
1.187500000000000187e-03 -7.384067146108593249e+01
1.218750000000000215e-03 -5.908987600521984263e+01
1.250000000000000026e-03 -4.872822879904046545e+01
1.281249999999999837e-03 -4.112535793397610462e+01
1.312499999999999865e-03 -3.534716411042627726e+01
1.343749999999999892e-03 -3.082649530304956187e+01
1.374999999999999920e-03 -2.720249302924212031e+01
1.406249999999999948e-03 -2.423654480986283843e+01
1.437499999999999976e-03 -2.176571449804428937e+01
1.468750000000000003e-03 -1.967567155379131094e+01
1.500000000000000031e-03 -1.788430019993816700e+01
1.531250000000000059e-03 -1.633142043991890446e+01
1.562500000000000087e-03 -1.497214170013385903e+01
1.625000000000000142e-03 -1.270619719455454444e+01
1.687500000000000198e-03 -1.089689634607308832e+01
1.750000000000000036e-03 -9.426968995878967306e+00
1.812499999999999875e-03 -8.220224685783163565e+00
1.874999999999999931e-03 -7.224612254934085875e+00
2.000000000000000042e-03 -5.725503379387466119e+00
