0.000000000000000000e+00 1.189725171635540179e-11
1.250000000000000026e-04 -5.434564981788162497e-01
2.500000000000000052e-04 -1.477940027272957035e+00
3.125000000000000065e-04 -2.202913094082946888e+00
3.750000000000000078e-04 -3.212118599693200682e+00
4.375000000000000091e-04 -4.659357596619572384e+00
4.687499999999999827e-04 -5.624094419797514455e+00
5.000000000000000104e-04 -6.812745450961261717e+00
5.312500000000000382e-04 -8.295401222840185440e+00
5.625000000000000659e-04 -1.017099278258038275e+01
5.937500000000000937e-04 -1.258256599429418010e+01
6.250000000000000130e-04 -1.574280840852740582e+01
6.562499999999999323e-04 -1.997847900493632878e+01
6.874999999999999601e-04 -2.581150685637750897e+01
7.187499999999999879e-04 -3.411571542624941600e+01
7.500000000000000156e-04 -4.644151052721774420e+01
7.812500000000000434e-04 -6.574960220391193388e+01
8.125000000000000711e-04 -9.826569149721427721e+01
8.437500000000000989e-04 -1.589324558237070448e+02
8.593750000000001128e-04 -2.194172536191636311e+02
8.750000000000000182e-04 -2.990374051083042559e+02
8.828124999999999167e-04 -3.559013907947210100e+02
8.906249999999999237e-04 -4.304390262891139969e+02
8.984374999999999306e-04 -5.307862044990217782e+02
9.062499999999999375e-04 -6.703520145997187001e+02
9.101562499999999410e-04 -7.615395962137743027e+02
9.140624999999999445e-04 -8.725162955121355708e+02
9.179687499999999480e-04 -1.009435823897492241e+03
9.218749999999999514e-04 -1.181039913126537158e+03
9.257812499999999549e-04 -1.400081618545527590e+03
9.296874999999999584e-04 -1.685751907800047093e+03
9.316406249999999601e-04 -1.862330705180036148e+03
9.335937499999999618e-04 -2.068006423749743590e+03
9.355468749999999636e-04 -2.309524697603716049e+03
9.374999999999999653e-04 -2.595701679347200297e+03
9.394531249999999670e-04 -2.938234944633449231e+03
9.414062499999999688e-04 -3.352909773523834247e+03
9.433593749999999705e-04 -3.861437426075573512e+03
9.453124999999999722e-04 -4.494332891803708662e+03
9.472656249999999740e-04 -5.295561029739979858e+03
9.492187499999999757e-04 -6.330307071851049841e+03
9.501953124999999766e-04 -6.964562496543040652e+03
9.511718749999999774e-04 -7.698515845047531911e+03
9.521484374999999783e-04 -8.554109159631094371e+03
9.531249999999999792e-04 -9.559640638893759387e+03
9.541015624999999801e-04 -1.075209666451504381e+04
9.550781249999999809e-04 -1.218053950581261051e+04
9.560546874999999818e-04 -1.391113096236561978e+04
9.570312499999999827e-04 -1.603474617195148494e+04
9.580078124999999835e-04 -1.939427494204019968e+04
9.589843749999999844e-04 -2.286771327336109243e+04
9.599609374999999853e-04 -2.734254661466156904e+04
9.609374999999999861e-04 -3.323328019633916847e+04
9.619140624999999870e-04 -4.118351648061136802e+04
9.628906249999999879e-04 -5.222310713178657898e+04
9.638671874999999887e-04 -6.804114842279392178e+04
9.648437499999999896e-04 -9.141427612166960898e+04
9.658203124999999905e-04 -1.265714515850486496e+05
9.667968749999999913e-04 -1.777158489952358359e+05
9.677734374999999922e-04 -2.393003419767892046e+05
9.682617187500000468e-04 -2.649628334372442914e+05
9.685058593750000199e-04 -2.741105868995151832e+05
9.687499999999999931e-04 -2.801612848830135190e+05
9.688720703124999254e-04 -2.819750105916124885e+05
9.689941406249999662e-04 -2.829946673582154908e+05
9.690551757812499323e-04 -2.832165114089843119e+05
9.690856933593749696e-04 -2.832577596064144745e+05
9.691162109375000069e-04 -2.832535982582787983e+05
9.691467285156249358e-04 -2.832048543241937296e+05
9.691772460937499731e-04 -2.831124089867275325e+05
9.692382812499999393e-04 -2.828001310087550664e+05
9.693603515624999801e-04 -2.816937179933735169e+05
9.694824218750000208e-04 -2.800007319353589555e+05
9.697265624999999939e-04 -2.751307570480228751e+05
9.702148437500000486e-04 -2.611875050969227159e+05
9.707031249999999948e-04 -2.439220960390175169e+05
9.716796874999999957e-04 -2.040180385889320169e+05
9.726562499999999965e-04 -1.617197639052280865e+05
9.736328124999999974e-04 -1.238776021232591593e+05
9.746093749999999983e-04 -9.414971230208170891e+04
9.755859374999999991e-04 -7.224450372507741849e+04
9.765625000000000000e-04 -5.639903283336740424e+04
9.775390624999998924e-04 -4.488081837151871878e+04
9.785156250000000017e-04 -3.638186925140014500e+04
9.794921875000001110e-04 -2.999432063470506546e+04
9.804687500000000035e-04 -2.510271628775215868e+04
9.814453124999998959e-04 -2.128934899663828037e+04
9.824218750000000052e-04 -1.826738425121716864e+04
9.833984375000001145e-04 -1.583668270405400108e+04
9.843750000000000069e-04 -1.385515857319912539e+04
9.853515624999998994e-04 -1.222018576162216596e+04
9.863281250000000087e-04 -1.085640480759635830e+04
9.873046875000001180e-04 -9.707612231383336621e+03
9.882812500000000104e-04 -8.731282199995523115e+03
9.892578124999999029e-04 -7.894804805127553664e+03
9.902343750000000121e-04 -7.172863969454695507e+03
9.921875000000000139e-04 -5.997182071390437159e+03
9.941406250000000156e-04 -5.088901702612178269e+03
9.960937500000000173e-04 -4.372895000523271847e+03
9.980468750000000191e-04 -3.798591442931464826e+03
1.000000000000000021e-03 -3.330971620499839901e+03
1.001953125000000023e-03 -2.945178673064515806e+03
1.003906250000000024e-03 -2.623182593237160745e+03
1.005859375000000026e-03 -2.351652258780608463e+03
1.007812500000000028e-03 -2.120561525413378604e+03
1.009765625000000029e-03 -1.922253899893942389e+03
1.011718750000000031e-03 -1.750801789437837215e+03
1.015625000000000035e-03 -1.470841287443991405e+03
1.019531250000000038e-03 -1.253746827519794579e+03
1.023437500000000042e-03 -1.081976043216488961e+03
1.027343750000000045e-03 -9.437067519743729918e+02
1.031250000000000049e-03 -8.307365930934591916e+02
1.039062500000000056e-03 -6.589438005114986936e+02
1.046875000000000062e-03 -5.362229519495657541e+02
1.054687500000000069e-03 -4.454549107579825318e+02
1.062500000000000076e-03 -3.763924844121100364e+02
1.078125000000000090e-03 -2.798519494109297057e+02
1.093750000000000104e-03 -2.169837764962644826e+02
1.109375000000000118e-03 -1.736931592237366146e+02
1.125000000000000132e-03 -1.425709711383936451e+02
1.156250000000000160e-03 -1.017021034786039024e+02
1.187500000000000187e-03 -7.675617287739075323e+01
1.218750000000000215e-03 -6.035514789365640809e+01
1.250000000000000026e-03 -4.896043000134838508e+01
1.281249999999999837e-03 -4.069917138841635307e+01
1.312499999999999865e-03 -3.450299362421335303e+01
1.343749999999999892e-03 -2.972536148248304499e+01
1.374999999999999920e-03 -2.595587225833857303e+01
1.406249999999999948e-03 -2.292352421037966081e+01
1.437499999999999976e-03 -2.044332873647737614e+01
1.468750000000000003e-03 -1.838538755544012560e+01
1.500000000000000031e-03 -1.665623313641469139e+01
1.531250000000000059e-03 -1.518716544628920495e+01
1.562500000000000087e-03 -1.392673552310660767e+01
1.625000000000000142e-03 -1.188399571635255469e+01
1.687500000000000198e-03 -1.030812120442846869e+01
1.750000000000000036e-03 -9.061710131828196069e+00
1.812499999999999875e-03 -8.055149570701043871e+00
1.874999999999999931e-03 -7.052908345284324199e+00
1.937499999999999986e-03 -6.533668015756162184e+00
2.000000000000000042e-03 -6.079932013774946853e+00
