0.000000000000000000e+00 1.041896500921212300e-11
1.250000000000000026e-04 -6.594877345064027452e-01
2.500000000000000052e-04 -1.521607328995899566e+00
3.125000000000000065e-04 -2.143050580892404522e+00
3.750000000000000078e-04 -3.073883604386780100e+00
4.062500000000000356e-04 -3.727235245682588793e+00
4.375000000000000091e-04 -4.557342671180760085e+00
4.687499999999999827e-04 -5.613539748808275220e+00
5.000000000000000104e-04 -6.957203512091608921e+00
5.312500000000000382e-04 -8.667024587028045346e+00
5.625000000000000659e-04 -1.084791429325580481e+01
5.937500000000000937e-04 -1.364610787276417092e+01
6.250000000000000130e-04 -1.727515002774919139e+01
6.562499999999999323e-04 -2.206184345814608605e+01
6.874999999999999601e-04 -2.853079333243030646e+01
7.187499999999999879e-04 -3.756848971073222287e+01
7.500000000000000156e-04 -5.076436530313549866e+01
7.812500000000000434e-04 -7.118463668945767608e+01
8.125000000000000711e-04 -1.053399002254587202e+02
8.437500000000000989e-04 -1.690194427757134861e+02
8.593750000000001128e-04 -2.237704756784527547e+02
8.750000000000000182e-04 -3.088769317545951480e+02
8.828124999999999167e-04 -3.702667548810374569e+02
8.906249999999999237e-04 -4.513781072733833071e+02
8.984374999999999306e-04 -5.615613134377232427e+02
9.062499999999999375e-04 -7.164050960853991228e+02
9.101562499999999410e-04 -8.184486938828417806e+02
9.140624999999999445e-04 -9.434666467096542419e+02
9.179687499999999480e-04 -1.098850731498459027e+03
9.218749999999999514e-04 -1.295208409080058345e+03
9.257812499999999549e-04 -1.548193644677258817e+03
9.277343749999999566e-04 -1.702928931567638756e+03
9.296874999999999584e-04 -1.881675487933339127e+03
9.316406249999999601e-04 -2.089633914749657833e+03
9.335937499999999618e-04 -2.333485839765947276e+03
9.355468749999999636e-04 -2.621928110092989300e+03
9.374999999999999653e-04 -2.966444956929235559e+03
9.394531249999999670e-04 -3.382447021579542252e+03
9.414062499999999688e-04 -3.890989308077924306e+03
9.433593749999999705e-04 -4.521428470002094400e+03
9.453124999999999722e-04 -5.315650204160211615e+03
9.472656249999999740e-04 -6.335013420843047243e+03
9.492187499999999757e-04 -7.672180124939082816e+03
9.501953124999999766e-04 -8.502318691628654051e+03
9.511718749999999774e-04 -9.472128928957692551e+03
9.521484374999999783e-04 -1.061426244839090941e+04
9.531249999999999792e-04 -1.197132232358640249e+04
9.541015624999999801e-04 -1.359965518953833634e+04
9.550781249999999809e-04 -1.557489419504187390e+04
9.560546874999999818e-04 -1.800020800723117281e+04
9.570312499999999827e-04 -2.101879983479000657e+04
9.580078124999999835e-04 -2.483320837980007127e+04
9.589843749999999844e-04 -2.973563151669777653e+04
9.599609374999999853e-04 -3.615626089397559554e+04
9.609374999999999861e-04 -4.474080725815909682e+04
9.619140624999999870e-04 -5.647326321773775271e+04
9.628906249999999879e-04 -7.285889556977890607e+04
9.638671874999999887e-04 -9.614483726462897903e+04
9.648437499999999896e-04 -1.293690179927028221e+05
9.658203124999999905e-04 -1.753883081882340775e+05
9.667968749999999913e-04 -2.326874466897672100e+05
9.672851562499999375e-04 -2.616369178807170538e+05
9.677734374999999922e-04 -2.860977287436167826e+05
9.680175781249999653e-04 -2.951417295618179487e+05
9.682617187500000468e-04 -3.012586158212631126e+05
9.683837890624999792e-04 -3.030631009775631828e+05
9.684448242187500538e-04 -3.036309356152658002e+05
9.685058593750000199e-04 -3.039701623730872525e+05
9.685363769531250572e-04 -3.040530594201971544e+05
9.685668945312499861e-04 -3.040777468174207606e+05
9.685974121093750234e-04 -3.040440149340276257e+05
9.686279296875000607e-04 -3.039517107086079195e+05
9.686889648437500269e-04 -3.035911583710325067e+05
9.687499999999999931e-04 -3.029963056223239983e+05
9.689941406249999662e-04 -2.983175956391507061e+05
9.692382812499999393e-04 -2.901939775502093835e+05
9.697265624999999939e-04 -2.657912399142428185e+05
9.707031249999999948e-04 -2.035052520490157476e+05
9.716796874999999957e-04 -1.482836041823076375e+05
9.726562499999999965e-04 -1.083307599703237065e+05
9.736328124999999974e-04 -8.089689010014741507e+04
9.746093749999999983e-04 -6.200520933098624664e+04
9.755859374999999991e-04 -4.871965074948962138e+04
9.765625000000000000e-04 -3.913529010659810592e+04
9.775390624999998924e-04 -3.204534027526606587e+04
9.785156250000000017e-04 -2.667823259887622407e+04
9.794921875000001110e-04 -2.253051185055463066e+04
9.804687500000000035e-04 -1.926584624545359111e+04
9.814453124999998959e-04 -1.665419546819880634e+04
9.824218750000000052e-04 -1.453466615008285225e+04
9.833984375000001145e-04 -1.279237614015601866e+04
9.843750000000000069e-04 -1.134372867705119097e+04
9.853515624999998994e-04 -1.012683292895660816e+04
9.863281250000000087e-04 -9.095142242443833311e+03
9.873046875000001180e-04 -8.213144292728991786e+03
9.882812500000000104e-04 -7.453389080610681958e+03
9.902343750000000121e-04 -6.219201690177669661e+03
9.921875000000000139e-04 -5.268506963588093640e+03
9.941406250000000156e-04 -4.520917050509370711e+03
9.960937500000000173e-04 -3.922555983975513300e+03
9.980468750000000191e-04 -3.436250329165681251e+03
1.000000000000000021e-03 -3.035695670819587122e+03
1.001953125000000023e-03 -2.701863000867044320e+03
1.003906250000000024e-03 -2.420715649129486337e+03
1.005859375000000026e-03 -2.181718756928092262e+03
1.007812500000000028e-03 -1.976842476707321566e+03
1.009765625000000029e-03 -1.799880549634696081e+03
1.011718750000000031e-03 -1.645975594087838999e+03
1.015625000000000035e-03 -1.392724636611125561e+03
1.019531250000000038e-03 -1.194540423161268791e+03
1.023437500000000042e-03 -1.036506396718518317e+03
1.027343750000000045e-03 -9.084367464604175666e+02
1.031250000000000049e-03 -8.031840723503544268e+02
1.039062500000000056e-03 -6.419579303571940727e+02
1.046875000000000062e-03 -5.258179303059733911e+02
1.054687500000000069e-03 -4.393242951661473512e+02
1.062500000000000076e-03 -3.731299553104816482e+02
1.078125000000000090e-03 -2.799443567077046282e+02
1.093750000000000104e-03 -2.187550984073725715e+02
1.125000000000000132e-03 -1.455941110967116003e+02
1.156250000000000160e-03 -1.048624575343283993e+02
1.187500000000000187e-03 -7.964559266694780604e+01
1.218750000000000215e-03 -6.281322954869620645e+01
1.250000000000000026e-03 -5.093511353841211076e+01
1.281249999999999837e-03 -4.219493435909714663e+01
1.312499999999999865e-03 -3.555743471171108183e+01
1.343749999999999892e-03 -3.039613389170013136e+01
1.374999999999999920e-03 -2.631182052091291368e+01
1.406249999999999948e-03 -2.303783612573357686e+01
1.437499999999999976e-03 -2.038796506863280555e+01
1.468750000000000003e-03 -1.822660403904400894e+01
1.500000000000000031e-03 -1.645119900429863691e+01
1.531250000000000059e-03 -1.498171443038810580e+01
1.562500000000000087e-03 -1.375424665742845853e+01
1.625000000000000142e-03 -1.182840410748760540e+01
1.687500000000000198e-03 -1.036848298583577943e+01
1.750000000000000036e-03 -9.184388969604837527e+00
1.874999999999999931e-03 -7.289484780039000356e+00
2.000000000000000042e-03 -5.889967691168138231e+00
