-3.0 1.36764581513e-07
-2.997 1.4522597916e-07
-2.994 1.54479145476e-07
-2.991 1.64624155657e-07
-2.988 1.75777183328e-07
-2.985 1.88073677439e-07
-2.982 2.01672289225e-07
-2.979 2.16759757271e-07
-2.976 2.33557025624e-07
-2.973 2.52326961426e-07
-2.97 2.73384165064e-07
-2.967 2.97107542604e-07
-2.964 3.23956560016e-07
-2.961 3.54492455783e-07
-2.958 3.89406205855e-07
-2.955 4.29555794838e-07
-2.952 4.7601648058e-07
-2.949 5.30149457044e-07
-2.946 5.93696970343e-07
-2.943 6.68916110629e-07
-2.94 7.58770197147e-07
-2.937 8.67207679311e-07
-2.934 9.99577038252e-07
-2.931 1.16325838208e-06
-2.928 1.3686501236e-06
-2.925 1.63075624545e-06
-2.922 1.97182677445e-06
-2.919 2.42592364146e-06
-2.916 3.04718107946e-06
-2.913 3.9255728548e-06
-2.91 5.21901566889e-06
-2.907 7.22415131455e-06
-2.904 1.05489473842e-05
-2.901 1.65931657016e-05
-2.898 2.91550668511e-05
-2.895 6.15116318681e-05
-2.892 0.000187021726449
-2.889 0.00184839153887
-2.886 0.00248986443131
-2.883 0.000379888800115
-2.88 0.000470743945591
-2.877 0.115297331455
-2.874 0.200535502903
-2.871 0.254534947395
-2.868 0.291840879139
-2.865 0.319165535399
-2.862 0.340044132987
-2.859 0.356517389301
-2.856 0.369846283572
-2.853 0.380852190183
-2.85 0.390093150467
-2.847 0.397961627005
-2.844 0.404741684645
-2.841 0.410644008627
-2.838 0.415828166749
-2.835 0.420417228616
-2.832 0.424507638099
-2.829 0.428176045121
-2.826 0.431484136185
-2.823 0.434482115855
-2.82 0.437211259261
-2.817 0.439705812518
-2.814 0.441994427392
-2.811 0.444101258616
-2.808 0.446046812051
-2.805 0.447848608375
-2.802 0.449521706256
-2.799 0.45107912084
-2.796 0.4525321559
-2.793 0.453890678748
-2.79 0.455163338671
-2.787 0.456357748878
-2.784 0.457480636102
-2.781 0.45853796923
-2.778 0.459535055709
-2.775 0.460476635503
-2.772 0.461366952094
-2.769 0.462209815497
-2.766 0.463008655527
-2.763 0.463766567339
-2.76 0.464486350529
-2.757 0.465170542812
-2.754 0.46582144914
-2.751 0.466441166958
-2.748 0.467031608169
-2.745 0.467594518305
-2.742 0.468131493287
-2.739 0.468643994126
-2.736 0.469133359837
-2.733 0.469600818813
-2.73 0.470047498857
-2.727 0.470474436036
-2.724 0.470882582514
-2.721 0.471272813487
-2.718 0.471645933308
-2.715 0.472002680916
-2.712 0.47234373463
-2.709 0.472669716378
-2.706 0.472981195411
-2.703 0.473278691565
-2.7 0.473562678083
-2.697 0.473833584056
-2.694 0.474091796495
-2.691 0.474337662048
-2.688 0.474571488398
-2.685 0.474793545324
-2.682 0.475004065457
-2.679 0.475203244708
-2.676 0.475391242367
-2.673 0.475568180864
-2.67 0.475734145185
-2.667 0.475889181863
-2.664 0.476033297576
-2.661 0.47616645729
-2.658 0.476288581797
-2.655 0.476399544737
-2.652 0.476499168892
-2.649 0.476587221605
-2.646 0.476663409335
-2.643 0.47672737106
-2.64 0.476778670201
-2.637 0.476816785127
-2.634 0.476841097394
-2.631 0.476850877827
-2.628 0.476845269251
-2.625 0.476823265858
-2.622 0.476783687344
-2.619 0.476725147581
-2.616 0.476646015409
-2.613 0.47654436535
-2.61 0.476417916117
-2.607 0.476263951633
-2.604 0.476079219955
-2.601 0.475859802185
-2.598 0.475600939447
-2.595 0.47529680336
-2.592 0.474940186004
-2.589 0.474522073476
-2.586 0.474031052835
-2.583 0.473452465552
-2.58 0.472767176225
-2.577 0.471949737149
-2.574 0.470965567077
-2.571 0.469766479503
-2.568 0.468283313532
-2.565 0.466413232792
-2.562 0.463996632241
-2.559 0.460772312134
-2.556 0.456283132202
-2.553 0.449655757489
-2.55 0.43901123344
-2.547 0.419561642623
-2.544 0.375583025244
-2.541 0.235010719113
-2.538 0.138215709599
-2.535 0.467573251209
-2.532 0.508664331766
-2.529 0.639326295757
-2.526 0.706995247369
-2.523 0.749914715448
-2.52 0.779996605977
-2.517 0.802439267119
-2.514 0.819924157002
-2.511 0.833989653998
-2.508 0.845587286881
-2.505 0.855339826666
-2.502 0.863673304067
-2.499 0.870889745398
-2.496 0.87720965795
-2.493 0.882798053603
-2.49 0.887781046628
-2.487 0.892256792341
-2.484 0.89630289895
-2.481 0.899981596324
-2.478 0.903343407992
-2.475 0.90642979817
-2.472 0.909275150095
-2.469 0.91190821948
-2.466 0.914353267784
-2.463 0.916630900277
-2.46 0.918758749121
-2.457 0.92075200164
-2.454 0.922623794259
-2.451 0.924385576389
-2.448 0.926047359395
-2.445 0.927617934983
-2.442 0.929105102275
-2.439 0.930515719807
-2.436 0.931855925681
-2.433 0.933131192451
-2.43 0.934346423397
-2.427 0.9355060257
-2.424 0.936613972518
-2.421 0.937673855886
-2.418 0.938688932005
-2.415 0.939662160167
-2.412 0.940596236343
-2.409 0.941493622276
-2.406 0.942356570762
-2.403 0.943187147714
-2.4 0.943987251427
-2.397 0.94475862953
-2.394 0.945502893874
-2.391 0.946221533684
-2.388 0.946915927191
-2.385 0.94758735196
-2.382 0.948236994068
-2.379 0.948865956289
-2.376 0.949475265407
-2.373 0.950065878764
-2.37 0.950638690136
-2.367 0.951194535015
-2.364 0.951734195372
-2.361 0.952258403946
-2.358 0.952767848134
-2.355 0.953263173506
-2.352 0.953744987001
-2.349 0.954213859821
-2.346 0.954670330079
-2.343 0.955114905202
-2.34 0.95554806413
-2.337 0.955970259324
-2.334 0.956381918609
-2.331 0.956783446857
-2.328 0.957175227536
-2.325 0.957557624137
-2.322 0.957930981476
-2.319 0.958295626911
-2.316 0.958651871446
-2.313 0.959000010762
-2.31 0.959340326173
-2.307 0.959673085495
-2.304 0.959998543872
-2.301 0.960316944523
-2.298 0.960628519451
-2.295 0.96093349009
-2.292 0.961232067912
-2.289 0.961524454995
-2.286 0.961810844546
-2.283 0.962091421393
-2.28 0.962366362443
-2.277 0.962635837108
-2.274 0.962900007709
-2.271 0.963159029846
-2.268 0.963413052744
-2.265 0.963662250491
-2.262 0.96390666789
-2.259 0.964146529606
-2.256 0.9643819316
-2.253 0.964612995803
-2.25 0.964839839465
-2.247 0.965062575388
-2.244 0.965281312134
-2.241 0.965496154228
-2.238 0.965707202348
-2.235 0.965914553498
-2.232 0.966118301182
-2.229 0.966318535559
-2.226 0.966515343596
-2.223 0.966708809208
-2.22 0.966899013394
-2.217 0.96708603436
-2.214 0.967269947646
-2.211 0.967450826236
-2.208 0.967628740666
-2.205 0.967803759128
-2.202 0.967975947569
-2.199 0.968145369779
-2.196 0.968312087481
-2.193 0.968476160419
-2.19 0.968637646429
-2.187 0.968796601521
-2.184 0.968953079949
-2.181 0.969107134279
-2.178 0.969258815454
-2.175 0.969408172857
-2.172 0.96955525437
-2.169 0.969700106429
-2.166 0.96984277408
-2.163 0.969983301031
-2.16 0.970121729697
-2.157 0.970258101252
-2.154 0.97039245567
-2.151 0.97052483177
-2.148 0.970655267255
-2.145 0.970783798754
-2.142 0.970910461857
-2.139 0.971035291153
-2.136 0.971158320262
-2.133 0.971279581871
-2.13 0.971399107763
-2.127 0.971516928849
-2.124 0.971633075196
-2.121 0.971747576056
-2.118 0.971860459894
-2.115 0.971971754411
-2.112 0.972081486564
-2.109 0.972189682628
-2.106 0.972296368139
-2.103 0.972401568003
-2.1 0.972505306472
-2.097 0.972607607161
-2.094 0.972708493106
-2.091 0.972807986747
-2.088 0.972906109967
-2.085 0.973002884108
-2.082 0.973098329994
-2.079 0.973192467954
-2.076 0.973285317841
-2.073 0.973376899059
-2.07 0.973467230632
-2.067 0.973556331029
-2.064 0.97364421861
-2.061 0.97373091126
-2.058 0.973816426648
-2.055 0.973900782261
-2.052 0.973983995498
-2.049 0.974066083796
-2.046 0.974147064853
-2.043 0.974226956846
-2.04 0.974305778922
-2.037 0.974383551845
-2.034 0.97446029909
-2.031 0.974536048748
-2.028 0.974610836846
-2.025 0.97468471368
-2.022 0.974757756518
-2.019 0.974830097384
-2.016 0.974901990372
-2.013 0.974973998913
-2.01 0.975047627822
-2.007 0.97512819587
-2.004 0.97524735647
-2.001 0.976475218449
-1.998 1.47498770197
-1.995 1.47531369944
-1.992 1.47540718011
-1.989 1.47547848525
-1.986 1.47554365099
-1.983 1.47560603692
-1.98 1.4756667021
-1.977 1.47572606961
-1.974 1.47578433805
-1.971 1.47584161281
-1.968 1.47589795563
-1.965 1.47595340597
-1.962 1.47600799095
-1.959 1.47606173053
-1.956 1.47611464021
-1.953 1.47616673262
-1.95 1.47621801846
-1.947 1.47626850706
-1.944 1.47631820676
-1.941 1.47636712514
-1.938 1.47641526919
-1.935 1.47646264541
-1.932 1.4765092599
-1.929 1.47655511842
-1.926 1.47660022642
-1.923 1.47664458906
-1.92 1.47668821126
-1.917 1.4767310978
-1.914 1.47677325285
-1.911 1.47681468096
-1.908 1.47685538607
-1.905 1.47689537203
-1.902 1.4769346425
-1.899 1.47697320097
-1.896 1.47701105072
-1.893 1.47704819486
-1.89 1.47708463634
-1.887 1.47712037792
-1.884 1.47715541512
-1.881 1.47718977157
-1.878 1.47722342795
-1.875 1.47725639445
-1.872 1.47728867195
-1.869 1.47732026252
-1.866 1.47735116773
-1.863 1.47738138899
-1.86 1.47741092752
-1.857 1.47743978438
-1.854 1.47746796046
-1.851 1.47749545647
-1.848 1.47752227315
-1.845 1.4775484103
-1.842 1.47757386868
-1.839 1.47759864812
-1.836 1.47762274846
-1.833 1.47764616936
-1.83 1.47766891029
-1.827 1.47769097056
-1.824 1.47771234927
-1.821 1.47773304534
-1.818 1.4777530575
-1.815 1.47777238428
-1.812 1.47779102403
-1.809 1.47780897487
-1.806 1.47782623474
-1.803 1.47784280137
-1.8 1.47785867225
-1.797 1.47787384475
-1.794 1.47788831588
-1.791 1.47790208253
-1.788 1.47791514133
-1.785 1.47792748866
-1.782 1.47793912069
-1.779 1.47795003334
-1.776 1.47796022225
-1.773 1.47796968288
-1.77 1.47797841022
-1.767 1.47798639939
-1.764 1.4779936448
-1.761 1.47800014082
-1.758 1.47800588147
-1.755 1.47801086047
-1.752 1.47801507123
-1.749 1.47801850683
-1.746 1.47802116005
-1.743 1.4780230233
-1.74 1.47802408866
-1.737 1.47802434785
-1.734 1.47802379221
-1.731 1.47802241268
-1.728 1.47802019984
-1.725 1.47801714382
-1.722 1.47801323434
-1.719 1.47800846069
-1.716 1.47800281168
-1.713 1.47799627565
-1.71 1.47798884047
-1.707 1.47798049346
-1.704 1.47797122143
-1.701 1.47796101066
-1.698 1.4779498468
-1.695 1.47793771496
-1.692 1.47792459959
-1.689 1.4779104845
-1.686 1.47789535284
-1.683 1.47787918704
-1.68 1.4778619688
-1.677 1.47784367906
-1.674 1.47782429793
-1.671 1.47780380473
-1.668 1.47778217786
-1.665 1.47775939483
-1.662 1.47773543217
-1.659 1.47771026544
-1.656 1.4776838691
-1.653 1.47765621655
-1.65 1.47762727999
-1.647 1.47759703043
-1.644 1.4775654376
-1.641 1.47753246986
-1.638 1.47749809419
-1.635 1.47746227604
-1.632 1.47742497934
-1.629 1.47738616631
-1.626 1.47734579748
-1.623 1.47730383149
-1.62 1.47726022506
-1.617 1.47721493285
-1.614 1.47716790735
-1.611 1.47711909873
-1.608 1.47706845472
-1.605 1.47701592049
-1.602 1.47696143843
-1.599 1.47690494805
-1.596 1.47684638573
-1.593 1.47678568458
-1.59 1.47672277418
-1.587 1.47665758037
-1.584 1.47659002509
-1.581 1.47652002588
-1.578 1.47644749584
-1.575 1.47637234318
-1.572 1.47629447089
-1.569 1.47621377642
-1.566 1.47613015121
-1.563 1.47604348029
-1.56 1.47595364179
-1.557 1.47586050638
-1.554 1.47576393675
-1.551 1.47566378696
-1.548 1.47555990172
-1.545 1.47545210118
-1.542 1.47534025245
-1.539 1.47522412398
-1.536 1.47510352921
-1.533 1.47497825315
-1.53 1.47484806554
-1.527 1.47471271953
-1.524 1.47457195009
-1.521 1.47442547231
-1.518 1.47427297952
-1.515 1.47411414113
-1.512 1.4739486002
-1.509 1.47377597083
-1.506 1.47359583503
-1.503 1.47340773937
-1.5 1.47321119111
-1.497 1.47300565375
-1.494 1.47279054206
-1.491 1.47256521645
-1.488 1.47232897632
-1.485 1.47208105268
-1.482 1.47182059947
-1.479 1.47154668359
-1.476 1.47125827348
-1.473 1.47095422532
-1.47 1.47063326783
-1.467 1.47029398341
-1.464 1.46993478653
-1.461 1.46955389804
-1.458 1.46914931447
-1.455 1.46871877146
-1.452 1.46825969963
-1.449 1.46776917139
-1.446 1.4672438362
-1.443 1.46667984028
-1.44 1.46607272998
-1.437 1.46541732927
-1.434 1.46470758675
-1.431 1.46393638316
-1.428 1.46309528528
-1.425 1.46217422873
-1.422 1.46116110498
-1.419 1.46004121689
-1.416 1.45879655174
-1.413 1.45740479682
-1.41 1.4558379854
-1.407 1.45406060234
-1.404 1.45202688286
-1.401 1.44967687835
-1.398 1.44693058943
-1.395 1.44367897951
-1.392 1.4397697879
-1.389 1.43498434492
-1.386 1.42899815054
-1.383 1.42131070791
-1.38 1.41111385326
-1.377 1.39702922695
-1.374 1.37654846849
-1.371 1.34475969509
-1.368 1.29139921585
-1.365 1.19605218366
-1.362 1.05361688507
-1.359 1.08755488608
-1.356 1.33627496209
-1.353 1.45419743156
-1.35 1.49070882823
-1.347 1.51094622452
-1.344 1.58669480883
-1.341 1.63649665637
-1.338 1.6728125683
-1.335 1.70079229408
-1.332 1.72315851044
-1.329 1.7415265388
-1.326 1.75692837364
-1.323 1.77005949403
-1.32 1.78140819004
-1.317 1.79132867517
-1.314 1.80008488525
-1.311 1.80787795643
-1.308 1.81486412968
-1.305 1.8211667942
-1.302 1.82688481101
-1.299 1.83209840248
-1.296 1.83687340599
-1.293 1.84126440227
-1.29 1.84531705377
-1.287 1.84906987788
-1.284 1.85255560949
-1.281 1.85580226016
-1.278 1.85883395086
-1.275 1.86167157279
-1.272 1.86433331678
-1.269 1.86683510094
-1.266 1.86919091883
-1.263 1.87141312494
-1.26 1.87351267035
-1.257 1.87549929852
-1.254 1.87738170889
-1.251 1.87916769435
-1.248 1.88086425731
-1.245 1.88247770826
-1.242 1.88401374975
-1.239 1.88547754836
-1.236 1.8868737965
-1.233 1.88820676587
-1.23 1.88948035365
-1.227 1.89069812275
-1.224 1.89186333688
-1.221 1.89297899122
-1.218 1.89404783943
-1.215 1.89507241724
-1.212 1.8960550635
-1.209 1.89699793865
-1.206 1.89790304113
-1.203 1.89877222202
-1.2 1.89960719807
-1.197 1.90040956329
-1.194 1.9011807994
-1.191 1.90192228512
-1.188 1.9026353047
-1.185 1.90332105517
-1.182 1.90398065349
-1.179 1.90461514246
-1.176 1.9052254964
-1.173 1.90581262607
-1.17 1.90637738353
-1.167 1.90692056575
-1.164 1.90744291888
-1.161 1.90794514146
-1.158 1.90842788754
-1.155 1.90889176964
-1.152 1.90933736113
-1.149 1.9097651988
-1.146 1.91017578491
-1.143 1.91056958922
-1.14 1.91094705073
-1.137 1.91130857938
-1.134 1.9116545574
-1.131 1.91198534091
-1.128 1.91230126095
-1.125 1.91260262467
-1.122 1.91288971633
-1.119 1.91316279826
-1.116 1.91342211154
-1.113 1.91366787503
-1.11 1.91390029543
-1.107 1.91411954886
-1.104 1.91432579997
-1.101 1.91451919353
-1.098 1.91469985625
-1.095 1.91486789722
-1.092 1.91502340781
-1.089 1.9151664622
-1.086 1.91529711716
-1.083 1.91541541222
-1.08 1.91552136942
-1.077 1.91561499331
-1.074 1.91569627065
-1.071 1.9157651701
-1.068 1.91582164186
-1.065 1.91586561718
-1.062 1.91589700778
-1.059 1.91591570524
-1.056 1.91592158015
-1.053 1.91591448124
-1.05 1.91589423443
-1.047 1.91586064159
-1.044 1.91581347928
-1.041 1.91575249728
-1.038 1.91567741696
-1.035 1.91558792914
-1.032 1.91548369261
-1.029 1.91536433116
-1.026 1.91522943115
-1.023 1.91507853866
-1.02 1.91491115597
-1.017 1.91472673785
-1.014 1.91452468731
-1.011 1.91430435075
-1.008 1.91406501257
-1.005 1.91380588892
-1.002 1.91352612071
-0.999 1.91322476559
-0.996 1.91290078876
-0.993 1.91255305248
-0.99 1.91218030398
-0.987 1.9117811615
-0.984 1.91135409814
-0.981 1.91089742311
-0.978 1.91040925975
-0.975 1.9098875199
-0.972 1.90932987361
-0.969 1.90873371334
-0.966 1.90809611139
-0.963 1.90741376893
-0.96 1.90668295477
-0.957 1.90589943113
-0.954 1.90505836317
-0.951 1.90415420795
-0.948 1.90318057694
-0.945 1.90213006443
-0.942 1.90099403136
-0.939 1.89976233026
-0.936 1.89842295139
-0.933 1.89696156208
-0.93 1.89536089907
-0.927 1.8935999551
-0.924 1.89165287243
-0.921 1.88948741028
-0.918 1.88706277811
-0.915 1.88432650095
-0.912 1.8812097625
-0.909 1.87762027127
-0.906 1.87343093301
-0.903 1.86846107984
-0.9 1.86244371811
-0.897 1.85496461713
-0.894 1.84533945881
-0.891 1.83233806233
-0.888 1.81346570023
-0.885 1.78261407964
-0.882 1.71854762796
-0.879 1.4950759649
-0.876 1.48147951384
-0.873 1.47661171552
-0.87 1.47362073489
-0.867 1.47147419559
-0.864 1.46980170279
-0.861 1.4684285529
-0.858 1.46725884827
-0.855 1.46623447655
-0.852 1.46531764957
-0.849 1.4644824484
-0.846 1.46371032902
-0.843 1.46298755718
-0.84 1.46230365937
-0.837 1.46165044377
-0.834 1.46102135705
-0.831 1.46041104812
-0.828 1.45981506356
-0.825 1.45922962984
-0.822 1.4586514939
-0.819 1.45807780418
-0.816 1.45750601995
-0.813 1.45693384109
-0.81 1.45635915246
-0.807 1.4557799792
-0.804 1.45519444997
-0.801 1.45460076609
-0.798 1.45399717508
-0.795 1.4533819474
-0.792 1.45275335544
-0.789 1.45210965406
-0.786 1.45144906212
-0.783 1.45076974428
-0.78 1.45006979292
-0.777 1.4493472094
-0.774 1.44859988449
-0.771 1.44782557743
-0.768 1.44702189309
-0.765 1.44618625687
-0.762 1.44531588662
-0.759 1.44440776098
-0.756 1.44345858332
-0.753 1.44246474039
-0.75 1.44142225442
-0.747 1.44032672739
-0.744 1.43917327571
-0.741 1.43795645315
-0.738 1.4366701593
-0.735 1.43530753032
-0.732 1.43386080743
-0.729 1.43232117779
-0.726 1.43067858047
-0.723 1.4289214681
-0.72 1.42703651178
-0.717 1.42500823265
-0.714 1.42281853764
-0.711 1.42044612886
-0.708 1.41786574402
-0.705 1.41504716835
-0.702 1.41195393289
-0.699 1.40854157507
-0.696 1.40475527985
-0.693 1.40052662276
-0.69 1.39576898865
-0.687 1.39037098484
-0.684 1.38418673508
-0.681 1.37702116683
-0.678 1.36860696553
-0.675 1.35856705512
-0.672 1.34635063284
-0.669 1.3311178196
-0.666 1.31151654714
-0.663 1.28521019455
-0.66 1.24774776497
-0.657 1.18933839088
-0.654 1.08249603714
-0.651 0.999276680849
-0.648 0.998570930346
-0.645 0.998125903721
-0.642 0.997779436353
-0.639 0.997485164429
-0.636 0.997221975996
-0.633 0.996978149765
-0.63 0.996746315968
-0.627 0.996521389737
-0.624 0.996299580206
-0.621 0.996077859014
-0.618 0.995853647908
-0.615 0.995624619999
-0.612 0.99538855937
-0.609 0.995143256327
-0.606 0.994886416632
-0.603 0.994615577059
-0.6 0.994328018065
-0.597 0.994020666359
-0.594 0.993689979579
-0.591 0.99333180373
-0.588 0.992941191031
-0.585 0.992512161062
-0.582 0.992037380432
-0.579 0.991507724057
-0.576 0.990911661543
-0.573 0.990234379706
-0.57 0.989456497105
-0.567 0.988552129328
-0.564 0.987485886201
-0.561 0.986208042477
-0.558 0.984646439269
-0.555 0.982692206727
-0.552 0.980173011003
-0.549 0.97679895243
-0.546 0.972041845145
-0.543 0.964827653727
-0.54 0.952588486163
-0.537 0.927301364751
-0.534 0.845075373915
-0.531 0.50030615727
-0.528 0.50003622226
-0.525 0.500014135563
-0.522 0.500007645832
-0.519 0.500004843963
-0.516 0.500003371986
-0.513 0.500002499473
-0.51 0.500001937967
-0.507 0.500001554335
-0.504 0.500001280007
-0.501 0.500001076665
-0.498 0.500000921492
-0.495 0.500000800195
-0.492 0.500000703441
-0.489 0.500000624921
-0.486 0.500000560241
-0.483 0.500000506265
-0.48 0.500000460703
-0.477 0.500000421851
-0.474 0.500000388418
-0.471 0.500000359413
-0.468 0.500000334064
-0.465 0.500000311762
-0.462 0.50000029202
-0.459 0.500000274448
-0.456 0.500000258725
-0.453 0.500000244592
-0.45 0.500000231831
-0.447 0.500000220263
-0.444 0.500000209738
-0.441 0.500000200127
-0.438 0.500000191323
-0.435 0.500000183232
-0.432 0.500000175777
-0.429 0.500000168889
-0.426 0.500000162509
-0.423 0.500000156584
-0.42 0.500000151071
-0.417 0.50000014593
-0.414 0.500000141127
-0.411 0.500000136629
-0.408 0.500000132412
-0.405 0.50000012845
-0.402 0.500000124722
-0.399 0.500000121209
-0.396 0.500000117894
-0.393 0.500000114761
-0.39 0.500000111796
-0.387 0.500000108987
-0.384 0.500000106322
-0.381 0.500000103791
-0.378 0.500000101385
-0.375 0.500000099095
-0.372 0.500000096914
-0.369 0.500000094833
-0.366 0.500000092848
-0.363 0.500000090951
-0.36 0.500000089137
-0.357 0.500000087402
-0.354 0.50000008574
-0.351 0.500000084147
-0.348 0.500000082619
-0.345 0.500000081154
-0.342 0.500000079746
-0.339 0.500000078393
-0.336 0.500000077092
-0.333 0.500000075841
-0.33 0.500000074636
-0.327 0.500000073476
-0.324 0.500000072357
-0.321 0.500000071279
-0.318 0.500000070239
-0.315 0.500000069236
-0.312 0.500000068267
-0.309 0.500000067331
-0.306 0.500000066426
-0.303 0.500000065552
-0.3 0.500000064707
-0.297 0.500000063889
-0.294 0.500000063097
-0.291 0.500000062331
-0.288 0.500000061589
-0.285 0.50000006087
-0.282 0.500000060173
-0.279 0.500000059498
-0.276 0.500000058843
-0.273 0.500000058209
-0.27 0.500000057593
-0.267 0.500000056995
-0.264 0.500000056415
-0.261 0.500000055852
-0.258 0.500000055306
-0.255 0.500000054775
-0.252 0.50000005426
-0.249 0.500000053759
-0.246 0.500000053272
-0.243 0.500000052799
-0.24 0.50000005234
-0.237 0.500000051893
-0.234 0.500000051459
-0.231 0.500000051037
-0.228 0.500000050626
-0.225 0.500000050227
-0.222 0.500000049839
-0.219 0.500000049462
-0.216 0.500000049094
-0.213 0.500000048737
-0.21 0.50000004839
-0.207 0.500000048052
-0.204 0.500000047723
-0.201 0.500000047404
-0.198 0.500000047092
-0.195 0.50000004679
-0.192 0.500000046496
-0.189 0.500000046209
-0.186 0.500000045931
-0.183 0.50000004566
-0.18 0.500000045397
-0.177 0.500000045141
-0.174 0.500000044892
-0.171 0.500000044651
-0.168 0.500000044415
-0.165 0.500000044187
-0.162 0.500000043965
-0.159 0.500000043749
-0.156 0.50000004354
-0.153 0.500000043337
-0.15 0.500000043139
-0.147 0.500000042948
-0.144 0.500000042762
-0.141 0.500000042582
-0.138 0.500000042407
-0.135 0.500000042238
-0.132 0.500000042074
-0.129 0.500000041916
-0.126 0.500000041762
-0.123 0.500000041613
-0.12 0.50000004147
-0.117 0.500000041331
-0.114 0.500000041197
-0.111 0.500000041068
-0.108 0.500000040944
-0.105 0.500000040824
-0.102 0.500000040708
-0.099 0.500000040598
-0.096 0.500000040491
-0.093 0.500000040389
-0.09 0.500000040291
-0.087 0.500000040198
-0.084 0.500000040108
-0.081 0.500000040023
-0.078 0.500000039942
-0.075 0.500000039865
-0.072 0.500000039792
-0.069 0.500000039723
-0.066 0.500000039658
-0.063 0.500000039597
-0.06 0.50000003954
-0.057 0.500000039487
-0.054 0.500000039437
-0.051 0.500000039392
-0.048 0.50000003935
-0.045 0.500000039312
-0.042 0.500000039278
-0.039 0.500000039247
-0.036 0.500000039221
-0.033 0.500000039198
-0.03 0.500000039178
-0.027 0.500000039163
-0.024 0.500000039151
-0.021 0.500000038973
-0.018 0.500000039332
-0.015 0.500000038951
-0.012 0.500000039246
-0.009 0.500000039142
-0.006 0.500000039057
-0.003 0.50000003934
0.0 2.30785301235e-05
0.003 0.500000039379
0.006 0.500000039135
0.009 0.500000039259
0.012 0.500000039402
0.015 0.500000039146
0.018 0.500000039567
0.021 0.500000039248
0.024 0.500000039465
0.027 0.500000039517
0.03 0.500000039572
0.033 0.500000039632
0.036 0.500000039695
0.039 0.500000039762
0.042 0.500000039834
0.045 0.500000039909
0.048 0.500000039988
0.051 0.500000040072
0.054 0.500000040159
0.057 0.500000040251
0.06 0.500000040347
0.063 0.500000040448
0.066 0.500000040552
0.069 0.500000040661
0.072 0.500000040775
0.075 0.500000040893
0.078 0.500000041016
0.081 0.500000041143
0.084 0.500000041275
0.087 0.500000041412
0.09 0.500000041553
0.093 0.5000000417
0.096 0.500000041851
0.099 0.500000042008
0.102 0.50000004217
0.105 0.500000042337
0.108 0.500000042509
0.111 0.500000042687
0.114 0.500000042871
0.117 0.50000004306
0.12 0.500000043255
0.123 0.500000043456
0.126 0.500000043662
0.129 0.500000043876
0.132 0.500000044095
0.135 0.500000044321
0.138 0.500000044553
0.141 0.500000044792
0.144 0.500000045038
0.147 0.50000004529
0.15 0.50000004555
0.153 0.500000045818
0.156 0.500000046093
0.159 0.500000046375
0.162 0.500000046666
0.165 0.500000046965
0.168 0.500000047272
0.171 0.500000047587
0.174 0.500000047911
0.177 0.500000048245
0.18 0.500000048587
0.183 0.500000048939
0.186 0.500000049301
0.189 0.500000049673
0.192 0.500000050056
0.195 0.500000050449
0.198 0.500000050853
0.201 0.500000051268
0.204 0.500000051695
0.207 0.500000052134
0.21 0.500000052586
0.213 0.50000005305
0.216 0.500000053528
0.219 0.500000054019
0.222 0.500000054525
0.225 0.500000055045
0.228 0.50000005558
0.231 0.500000056131
0.234 0.500000056698
0.237 0.500000057282
0.24 0.500000057884
0.243 0.500000058503
0.246 0.500000059141
0.249 0.500000059799
0.252 0.500000060477
0.255 0.500000061176
0.258 0.500000061897
0.261 0.50000006264
0.264 0.500000063407
0.267 0.500000064199
0.27 0.500000065016
0.273 0.50000006586
0.276 0.500000066731
0.279 0.500000067632
0.282 0.500000068564
0.285 0.500000069526
0.288 0.500000070522
0.291 0.500000071553
0.294 0.50000007262
0.297 0.500000073725
0.3 0.50000007487
0.303 0.500000076057
0.306 0.500000077288
0.309 0.500000078565
0.312 0.500000079891
0.315 0.500000081267
0.318 0.500000082697
0.321 0.500000084184
0.324 0.500000085731
0.327 0.500000087341
0.33 0.500000089018
0.333 0.500000090765
0.336 0.500000092587
0.339 0.500000094489
0.342 0.500000096474
0.345 0.500000098548
0.348 0.500000100718
0.351 0.500000102988
0.354 0.500000105366
0.357 0.500000107859
0.36 0.500000110474
0.363 0.500000113221
0.366 0.500000116108
0.369 0.500000119145
0.372 0.500000122345
0.375 0.500000125718
0.378 0.500000129279
0.381 0.500000133043
0.384 0.500000137024
0.387 0.500000141243
0.39 0.500000145718
0.393 0.500000150472
0.396 0.50000015553
0.399 0.500000160919
0.402 0.500000166671
0.405 0.500000172819
0.408 0.500000179404
0.411 0.500000186468
0.414 0.500000194063
0.417 0.500000202245
0.42 0.500000211079
0.423 0.500000220638
0.426 0.500000231008
0.429 0.500000242287
0.432 0.500000254588
0.435 0.500000268043
0.438 0.500000282808
0.441 0.500000299064
0.444 0.500000317025
0.447 0.500000336947
0.45 0.500000359135
0.453 0.500000383957
0.456 0.500000411858
0.459 0.500000443384
0.462 0.500000479206
0.465 0.50000052016
0.468 0.500000567297
0.471 0.500000621951
0.474 0.500000685836
0.477 0.500000761187
0.48 0.500000850954
0.483 0.500000959104
0.486 0.500001091061
0.489 0.500001254397
0.492 0.50000145994
0.495 0.500001723589
0.498 0.500002069438
0.501 0.500002535365
0.504 0.500003183612
0.507 0.500004122072
0.51 0.500005550698
0.513 0.500007873073
0.516 0.50001200179
0.519 0.500020356606
0.522 0.500041109325
0.525 0.50011638837
0.528 0.500859538861
0.531 0.507762359138
0.534 0.745819316105
0.537 0.852451982154
0.54 0.8946643768
0.543 0.917295590498
0.546 0.931383570992
0.549 0.940975786806
0.552 0.947908227937
0.555 0.953134455569
0.558 0.957198758235
0.561 0.960434233591
0.564 0.963055904911
0.567 0.965208496652
0.57 0.966992683198
0.573 0.968480322254
0.576 0.969723695274
0.579 0.970761313783
0.582 0.971621665531
0.585 0.972325669775
0.588 0.97288828554
0.591 0.973319531919
0.594 0.973625067281
0.597 0.973806399011
0.6 0.973860735774
0.603 0.973780434385
0.606 0.973551916393
0.609 0.973153810178
0.612 0.972553866461
0.615 0.971703802834
0.618 0.970530442965
0.621 0.968919818293
0.624 0.966686962596
0.627 0.963514182574
0.63 0.958812500757
0.633 0.951369975585
0.636 0.938296457466
0.639 0.911003437753
0.642 0.833659875694
0.645 0.567741742661
0.648 0.901574725415
0.651 0.993708245218
0.654 1.06908599297
0.657 1.16194062321
0.66 1.21645598804
0.663 1.25304709499
0.666 1.27955427295
0.669 1.29975480258
0.672 1.3157200019
0.675 1.32868969592
0.678 1.3394551844
0.681 1.34854705625
0.684 1.35633534344
0.687 1.36308652028
0.69 1.36899768416
0.693 1.37421795458
0.696 1.3788623636
0.699 1.38302115452
0.702 1.38676617482
0.705 1.39015537465
0.708 1.39323603764
0.711 1.39604714413
0.714 1.39862112769
0.717 1.40098520027
0.72 1.40316236486
0.723 1.40517219894
0.726 1.40703146701
0.729 1.40875460437
0.732 1.41035410271
0.735 1.41184081982
0.738 1.41322423044
0.741 1.41451263062
0.744 1.41571330537
0.747 1.41683266673
0.75 1.41787636821
0.753 1.41884939978
0.756 1.41975616698
0.759 1.42060055692
0.762 1.42138599314
0.765 1.42211548122
0.768 1.42279164628
0.771 1.42341676356
0.774 1.42399278266
0.777 1.4245213462
0.78 1.42500380311
0.783 1.42544121679
0.786 1.4258343682
0.789 1.42618375354
0.792 1.42648957627
0.795 1.42675173274
0.798 1.42696979047
0.801 1.42714295769
0.804 1.42727004232
0.807 1.42734939775
0.81 1.42737885184
0.813 1.42735561438
0.816 1.42727615606
0.819 1.42713604956
0.822 1.42692975905
0.825 1.4266503585
0.828 1.42628914993
0.831 1.42583513805
0.834 1.4252742946
0.837 1.42458850737
0.84 1.42375404321
0.843 1.42273924037
0.846 1.42150093359
0.849 1.4199787132
0.852 1.41808530044
0.855 1.41568955728
0.858 1.412584535
0.861 1.40842241677
0.864 1.40256768478
0.867 1.39371620764
0.87 1.37868808748
0.873 1.34717991018
0.876 1.24182780363
0.879 1.46594076475
0.882 1.72451285895
0.885 1.78575183575
0.888 1.8154984917
0.891 1.83380282876
0.894 1.8464654498
0.897 1.85586882234
0.9 1.86319312379
0.903 1.86909726942
0.906 1.87398131706
0.909 1.87810377628
0.912 1.88163994947
0.915 1.8847133845
0.918 1.88741394228
0.921 1.88980872195
0.924 1.8919489536
0.927 1.89387450505
0.93 1.89561691983
0.933 1.89720151974
0.936 1.89864889392
0.939 1.89997597503
0.942 1.90119683112
0.945 1.90232325789
0.948 1.90336522793
0.951 1.90433123612
0.954 1.90522856835
0.957 1.9060635128
0.96 1.9068415278
0.963 1.90756737635
0.966 1.90824523491
0.969 1.90887878203
0.972 1.90947127108
0.975 1.91002559035
0.978 1.91054431303
0.981 1.91102973904
0.984 1.91148393014
0.987 1.9119087397
0.99 1.91230583791
0.993 1.91267673337
0.996 1.91302279151
0.999 1.91334525053
1.002 1.9136452351
1.005 1.91392376825
1.008 1.91418178175
1.011 1.9144201251
1.014 1.91463957345
1.017 1.91484083453
1.02 1.91502455472
1.023 1.91519132445
1.026 1.91534168295
1.029 1.91547612239
1.032 1.91559509169
1.035 1.91569899975
1.038 1.91578821844
1.041 1.91586308511
1.044 1.9159239051
1.047 1.9159709536
1.05 1.91600447766
1.053 1.91602469767
1.056 1.91603180895
1.059 1.91602598296
1.062 1.91600736844
1.065 1.91597609247
1.068 1.91593226122
1.071 1.91587596086
1.074 1.91580725812
1.077 1.91572620087
1.08 1.91563281859
1.083 1.91552712274
1.086 1.91540910706
1.089 1.91527874781
1.092 1.91513600389
1.095 1.91498081689
1.098 1.91481311118
1.101 1.91463279364
1.104 1.91443975382
1.107 1.91423386356
1.11 1.91401497562
1.113 1.9137829295
1.116 1.91353753603
1.119 1.91327859659
1.122 1.91300588806
1.125 1.91271916768
1.128 1.91241817153
1.131 1.9121026137
1.134 1.91177218532
1.137 1.91142655365
1.14 1.9110653607
1.143 1.91068822238
1.146 1.91029472676
1.149 1.90988443279
1.152 1.90945686854
1.155 1.90901152947
1.158 1.90854787642
1.161 1.90806533337
1.164 1.9075632852
1.167 1.90704107496
1.17 1.90649800107
1.173 1.90593331421
1.176 1.9053462136
1.179 1.90473584379
1.182 1.90410128988
1.185 1.90344157325
1.188 1.90275564644
1.191 1.90204238767
1.194 1.90130059394
1.197 1.90052897567
1.2 1.89972614758
1.203 1.89889062105
1.206 1.8980207945
1.209 1.89711494299
1.212 1.89617120645
1.215 1.89518757662
1.218 1.89416188228
1.221 1.89309177277
1.224 1.89197469932
1.227 1.89080789394
1.23 1.88958834558
1.233 1.888312773
1.236 1.88697759383
1.239 1.8855788892
1.242 1.88411236335
1.245 1.88257329688
1.248 1.88095649306
1.251 1.87925621545
1.254 1.87746611543
1.257 1.87557914752
1.26 1.87358747007
1.263 1.8714823282
1.266 1.86925391531
1.269 1.86689120803
1.272 1.86438176892
1.275 1.86171150876
1.278 1.85886439868
1.281 1.85582211908
1.284 1.85256362834
1.287 1.84906462883
1.29 1.84529690034
1.293 1.84122746042
1.296 1.83681749578
1.299 1.8320209882
1.302 1.82678292614
1.305 1.82103694662
1.308 1.81470218103
1.311 1.80767896707
1.314 1.79984291358
1.317 1.79103651564
1.32 1.7810570296
1.323 1.76963846118
1.326 1.7564239527
1.329 1.74092183639
1.332 1.72243243706
1.335 1.69991902448
1.338 1.67176283311
1.341 1.6352477369
1.344 1.58528796315
1.347 1.51013887353
1.35 1.49862788887
1.353 1.49774852932
1.356 1.49711794899
1.359 1.49662060238
1.362 1.4962088367
1.365 1.49585734213
1.368 1.49555081589
1.371 1.49527921444
1.374 1.4950355559
1.377 1.49481477435
1.38 1.4946130695
1.383 1.49442751336
1.386 1.49425579992
1.389 1.49409607931
1.392 1.49394684423
1.395 1.4938068498
1.398 1.49367505575
1.401 1.49355058377
1.404 1.49343268544
1.407 1.4933207178
1.41 1.49321412443
1.413 1.49311242054
1.416 1.49301518124
1.419 1.49292203202
1.422 1.49283264116
1.425 1.49274671343
1.428 1.49266398496
1.431 1.49258421895
1.434 1.49250720217
1.437 1.49243274176
1.44 1.49236066303
1.443 1.49229080687
1.446 1.49222302894
1.449 1.49215719546
1.452 1.49209318584
1.455 1.49203088809
1.458 1.49197019932
1.461 1.49191102458
1.464 1.49185327604
1.467 1.4917968723
1.47 1.4917417378
1.473 1.49168780228
1.476 1.49163500025
1.479 1.49158327071
1.482 1.49153255652
1.485 1.49148280429
1.488 1.49143396396
1.491 1.49138598856
1.494 1.49133883396
1.497 1.49129245862
1.5 1.49124682345
1.503 1.49120189154
1.506 1.49115762807
1.509 1.49111400012
1.512 1.49107097654
1.515 1.49102852783
1.518 1.49098662602
1.521 1.49094524456
1.524 1.49090435825
1.527 1.4908639431
1.53 1.4908239763
1.533 1.49078443611
1.536 1.49074530183
1.539 1.49070655369
1.542 1.49066817279
1.545 1.49063014867
1.548 1.49059244145
1.551 1.49055505722
1.554 1.49051797264
1.557 1.49048117254
1.56 1.49044464238
1.563 1.4904083682
1.566 1.49037233659
1.569 1.49033653465
1.572 1.49030094998
1.575 1.49026557064
1.578 1.49023038512
1.581 1.49019538234
1.584 1.4901605516
1.587 1.49012588255
1.59 1.49009136529
1.593 1.49005699012
1.596 1.49002274772
1.599 1.48998862908
1.602 1.48995462548
1.605 1.48992072844
1.608 1.48988692976
1.611 1.48985322147
1.614 1.48981959586
1.617 1.4897860454
1.62 1.4897525628
1.623 1.48971914096
1.626 1.48968577297
1.629 1.48965245212
1.632 1.48961917184
1.635 1.48958592575
1.638 1.48955270761
1.641 1.48951951133
1.644 1.48948633097
1.647 1.48945316073
1.65 1.48941999492
1.653 1.48938682799
1.656 1.48935365448
1.659 1.48932046907
1.662 1.48928726654
1.665 1.48925404175
1.668 1.48922078967
1.671 1.48918750536
1.674 1.48915418396
1.677 1.4891208207
1.68 1.48908741089
1.683 1.4890539499
1.686 1.48902043317
1.689 1.48898685622
1.692 1.48895321462
1.695 1.48891950401
1.698 1.48888572007
1.701 1.48885185855
1.704 1.48881791524
1.707 1.48878388597
1.71 1.48874976663
1.713 1.48871555315
1.716 1.48868124147
1.719 1.48864682761
1.722 1.48861230758
1.725 1.48857767745
1.728 1.48854293332
1.731 1.48850807129
1.734 1.48847308751
1.737 1.48843797814
1.74 1.48840273936
1.743 1.48836736738
1.746 1.4883318584
1.749 1.48829620866
1.752 1.4882604144
1.755 1.48822447187
1.758 1.48818837734
1.761 1.48815212706
1.764 1.48811571731
1.767 1.48807914437
1.77 1.48804240456
1.773 1.488005494
1.776 1.48796840912
1.779 1.48793114614
1.782 1.48789370132
1.785 1.48785607093
1.788 1.48781825121
1.791 1.4877802384
1.794 1.48774202872
1.797 1.4877036184
1.8 1.4876650037
1.803 1.48762618062
1.806 1.4875871455
1.809 1.48754789444
1.812 1.48750842357
1.815 1.48746872898
1.818 1.48742880676
1.821 1.48738865298
1.824 1.48734826365
1.827 1.48730763479
1.83 1.48726676236
1.833 1.48722564231
1.836 1.48718427055
1.839 1.48714264296
1.842 1.48710075537
1.845 1.48705860359
1.848 1.48701618334
1.851 1.48697349047
1.854 1.48693052053
1.857 1.48688726921
1.86 1.4868437321
1.863 1.48679990474
1.866 1.48675578262
1.869 1.4867113612
1.872 1.48666663586
1.875 1.48662160194
1.878 1.48657625736
1.881 1.48653058942
1.884 1.48648459962
1.887 1.48643828516
1.89 1.48639163633
1.893 1.48634464966
1.896 1.48629732004
1.899 1.48624964229
1.902 1.48620161115
1.905 1.48615322125
1.908 1.48610446718
1.911 1.4860553434
1.914 1.48600584429
1.917 1.48595596418
1.92 1.48590569705
1.923 1.48585503713
1.926 1.48580397825
1.929 1.48575251418
1.932 1.48570063851
1.935 1.48564834463
1.938 1.48559562574
1.941 1.48554247475
1.944 1.48548888425
1.947 1.48543484646
1.95 1.48538035305
1.953 1.48532539505
1.956 1.48526996255
1.959 1.48521404439
1.962 1.48515762752
1.965 1.48510069612
1.968 1.48504323002
1.971 1.48498520192
1.974 1.48492657231
1.977 1.48486727942
1.98 1.48480721799
1.983 1.48474618957
1.986 1.48468377133
1.989 1.48461890457
1.992 1.4845482301
1.995 1.4844557123
1.998 1.48413101047
2.001 0.985620156047
2.004 0.984394257363
2.007 0.984277395099
2.01 0.98419946135
2.013 0.984128803714
2.016 0.984060104514
2.019 0.983991860124
2.022 0.983923508383
2.025 0.983854796562
2.028 0.983785594092
2.031 0.983715825249
2.034 0.983645441379
2.037 0.983574408184
2.04 0.98350269941
2.043 0.983430293502
2.046 0.983357171722
2.049 0.983283316987
2.052 0.983208713533
2.055 0.983133345805
2.058 0.983057198863
2.061 0.982980257851
2.064 0.982902507935
2.067 0.982823934207
2.07 0.982744521637
2.073 0.982664254921
2.076 0.982583118636
2.079 0.982501097009
2.082 0.982418173991
2.085 0.982334333206
2.088 0.982249557935
2.091 0.982163831093
2.094 0.982077135213
2.097 0.981989452423
2.1 0.981900764427
2.103 0.981811052526
2.106 0.981720297513
2.109 0.981628479747
2.112 0.981535579383
2.115 0.981441574906
2.118 0.981346446015
2.121 0.981250170709
2.124 0.981152726715
2.127 0.981054091174
2.13 0.980954240625
2.133 0.980853150983
2.136 0.980750797512
2.139 0.980647154809
2.142 0.980542196772
2.145 0.980435896585
2.148 0.980328226677
2.151 0.98021915871
2.154 0.98010866354
2.157 0.979996711191
2.16 0.979883270826
2.163 0.979768310706
2.166 0.979651798169
2.169 0.979533699582
2.172 0.97941398031
2.175 0.979292604676
2.178 0.979169535922
2.181 0.979044736161
2.184 0.978918166335
2.187 0.978789786172
2.19 0.978659554128
2.193 0.978527427344
2.196 0.978393361582
2.199 0.978257311179
2.202 0.978119228976
2.205 0.977979066264
2.208 0.977836772709
2.211 0.977692296289
2.214 0.977545583217
2.217 0.977396577862
2.22 0.97724522267
2.223 0.977091458076
2.226 0.976935222413
2.229 0.976776451818
2.232 0.976615080125
2.235 0.976451038763
2.238 0.97628425664
2.241 0.976114660023
2.244 0.975942172411
2.247 0.9757667144
2.25 0.975588203541
2.253 0.975406554186
2.256 0.975221677331
2.259 0.975033480443
2.262 0.974841867278
2.265 0.974646732128
2.268 0.974447987425
2.271 0.974245507897
2.274 0.974039185974
2.277 0.973828903701
2.28 0.97361453806
2.283 0.973395960674
2.286 0.97317303751
2.289 0.972945628553
2.292 0.972713587461
2.295 0.972476761195
2.298 0.972234989622
2.301 0.971988105084
2.304 0.971735931948
2.307 0.971478286106
2.31 0.971214974449
2.313 0.970945794295
2.316 0.970670532775
2.319 0.970388966166
2.322 0.970100859176
2.325 0.96980596417
2.328 0.969504020324
2.331 0.969194752718
2.334 0.96887787135
2.337 0.968553070059
2.34 0.968220025356
2.343 0.967878395156
2.346 0.967527817388
2.349 0.967167908482
2.352 0.966798261709
2.355 0.966418445371
2.358 0.966028000807
2.361 0.965626440211
2.364 0.965213244225
2.367 0.964787859293
2.37 0.964349694731
2.373 0.9638981195
2.376 0.963432458621
2.379 0.962951989202
2.382 0.96245593602
2.385 0.961943466595
2.388 0.961413685699
2.391 0.960865629203
2.394 0.960298257187
2.397 0.959710446185
2.4 0.959100980461
2.403 0.958468542142
2.406 0.957811700064
2.409 0.957128897044
2.412 0.956418435521
2.415 0.955678460973
2.418 0.95490694305
2.421 0.954101653832
2.424 0.95326014274
2.427 0.952379707504
2.43 0.951457360402
2.433 0.950489788861
2.436 0.949473309285
2.439 0.948403812682
2.442 0.947276700395
2.445 0.946086825194
2.448 0.944828311625
2.451 0.943494622866
2.454 0.942078250977
2.457 0.940570642342
2.46 0.938961988946
2.463 0.937240964588
2.466 0.935394446026
2.469 0.933407110752
2.472 0.931260952327
2.475 0.928934673943
2.478 0.926402864032
2.481 0.923634953861
2.484 0.920593803743
2.487 0.917233826437
2.49 0.913498382776
2.493 0.909316170589
2.496 0.904596067242
2.499 0.899219610332
2.502 0.893029731213
2.505 0.885813342214
2.508 0.877273443157
2.511 0.866982467777
2.514 0.854300112983
2.517 0.838219051405
2.52 0.817050723741
2.523 0.787713023799
2.526 0.743854457428
2.529 0.669635675481
2.532 0.509436614101
2.535 0.498659303439
2.538 0.498015293404
2.541 0.497586162199
2.544 0.497258318906
2.547 0.496990146662
2.55 0.496761223525
2.553 0.496559923725
2.556 0.496378976608
2.559 0.496213526746
2.562 0.496060167875
2.565 0.4959164169
2.568 0.495780406138
2.571 0.495650694609
2.574 0.495526145216
2.577 0.495405843756
2.58 0.495289042515
2.583 0.49517512052
2.586 0.495063555337
2.589 0.494953901188
2.592 0.494845773452
2.595 0.494738836648
2.598 0.494632794556
2.601 0.494527383398
2.604 0.494422365672
2.607 0.494317525444
2.61 0.494212664687
2.613 0.494107599968
2.616 0.494002159982
2.619 0.493896183322
2.622 0.493789516582
2.625 0.493682012883
2.628 0.493573530445
2.631 0.493463931357
2.634 0.493353080643
2.637 0.493240845181
2.64 0.493127092951
2.643 0.493011692176
2.646 0.492894510658
2.649 0.492775415026
2.652 0.492654270132
2.655 0.49253093838
2.658 0.492405279102
2.661 0.492277147972
2.664 0.492146396342
2.667 0.492012870635
2.67 0.491876411686
2.673 0.491736854074
2.676 0.491594025422
2.679 0.491447745666
2.682 0.491297826265
2.685 0.491144069379
2.688 0.490986266984
2.691 0.490824199914
2.694 0.490657636835
2.697 0.490486333127
2.7 0.490310029678
2.703 0.490128451553
2.706 0.489941306555
2.709 0.489748283635
2.712 0.489549051146
2.715 0.489343254918
2.718 0.489130516135
2.721 0.488910428971
2.724 0.488682557978
2.727 0.488446435167
2.73 0.488201556761
2.733 0.487947379553
2.736 0.487683316829
2.739 0.487408733784
2.742 0.48712294236
2.745 0.486825195404
2.748 0.486514680065
2.751 0.486190510283
2.754 0.485851718238
2.757 0.485497244576
2.76 0.485125927216
2.763 0.484736488473
2.766 0.484327520205
2.769 0.483897466619
2.772 0.483444604292
2.775 0.482967018862
2.778 0.482462577732
2.781 0.481928897953
2.784 0.481363308551
2.787 0.480762803851
2.79 0.480123993532
2.793 0.479443033946
2.796 0.478715551555
2.799 0.47793654961
2.802 0.477100292326
2.805 0.476200160741
2.808 0.475228479378
2.811 0.474176293552
2.814 0.473033093285
2.817 0.471786459078
2.82 0.470421608355
2.823 0.468920804881
2.826 0.467262582656
2.829 0.465420711205
2.832 0.463362796321
2.835 0.461048357156
2.838 0.458426135745
2.841 0.455430256191
2.844 0.451974615878
2.847 0.447944480747
2.85 0.443183511914
2.853 0.437473039122
2.856 0.430497580893
2.859 0.421784644758
2.862 0.410593274339
2.865 0.395692066877
2.868 0.374873655494
2.871 0.34375160446
2.874 0.292204386284
2.877 0.190592648809
2.88 0.000274132348549
2.883 2.38028397692e-05
2.886 9.45636618304e-06
2.889 5.22153569403e-06
2.892 3.35706726919e-06
2.895 2.35859217143e-06
2.898 1.75676919045e-06
2.901 1.36394754987e-06
2.904 1.09236692994e-06
2.907 8.96247282847e-07
2.91 7.49695802274e-07
2.913 6.37123282565e-07
2.916 5.48664342948e-07
2.919 4.77816376821e-07
2.922 4.20145303583e-07
2.925 3.7253948354e-07
2.928 3.32760807661e-07
2.931 2.99164674463e-07
2.934 2.70519744859e-07
2.937 2.4588870478e-07
2.94 2.2454746256e-07
2.943 2.05929208056e-07
2.946 1.89584936052e-07
2.949 1.75155104809e-07
2.952 1.62348969725e-07
2.955 1.50929298921e-07
2.958 1.40700922228e-07
2.961 1.31502049942e-07
2.964 1.23197619278e-07
2.967 1.15674143338e-07
2.97 1.08835685953e-07
2.973 1.02600688964e-07
2.976 9.68994511668e-08
2.979 9.1672109932e-08
2.982 8.68670138398e-08
2.985 8.24394018833e-08
2.988 7.83503248057e-08
2.991 7.45657590149e-08
2.994 7.1055874667e-08
2.997 6.77944279352e-08
3.0 6.47582538957e-08
